6.06
10.209
10.183
10.11
10.089
10.126
10.09
10.202
10.214
10.206
10.221
10.188
10.108
10.2
10.21
10.262
10.225
10.149
10.228
13.801
6.291
10.189
6.843
10.202
16.549
6.315
10.177
6.283
10.199
16.48
6.524
10.192
10.206
10.21
10.218
10.2
10.111
10.103
10.115
10.201
10.206
10.214
10.206
10.218
10.127
10.143
10.214
10.208
10.195
10.188
10.203
10.196
10.184
10.237
10.175
10.231
10.187
10.203
10.201
10.201
10.136
10.186
10.182
10.232
0.063
10.199
10.145
10.204
10.233
10.162
10.231
10.137
10.219
10.184
10.236
10.212
10.234
10.183
10.219
10.204
10.204
10.206
10.176
10.173
10.199
10.21
10.201
10.202
10.206
10.118
10.22
10.3
10.325
10.113
10.201
10.212
10.2
10.192
10.204
10.199
10.143
10.234
10.112
10.232
10.186
10.197
10.207
10.215
10.186
0.069
10.146
10.122
10.121
10.134
10.122
10.128
10.13
10.144
10.1
10.171
10.238
10.211
10.203
10.235
10.207
10.21
10.234
10.202
10.204
10.237
10.204
10.211
10.217
10.121
10.207
10.231
10.197
10.185
10.212
10.132
10.212
10.234
10.185
10.115
10.151
10.214
10.23
10.209
10.188
10.201
10.203
10.204
10.106
10.211
10.225
10.195
10.107
10.18
10.219
10.181
10.182
10.202
10.113
10.125
0.066
10.228
10.193
10.203
10.213
10.198
10.205
10.164
10.211
10.229
10.189
10.238
10.112
10.155
10.208
10.2
10.205
10.116
10.173
10.208
10.12
10.104
10.234
10.203
10.207
10.188
10.258
10.324
10.272
10.21
10.119
10.235
10.121
10.221
10.208
10.203
10.189
10.18
10.153
10.233
10.185
10.113
10.218
10.209
10.201
10.188
10.088
10.229
10.208
10.128
10.207
10.219
10.204
0.068
10.203
10.23
10.124
10.127
10.134
10.241
10.141
10.133
10.124
10.126
10.211
10.176
10.203
10.249
10.206
10.234
10.21
10.206
10.115
10.099
10.174
10.167
10.205
10.205
10.212
10.222
10.197
10.19
10.213
10.203
10.119
10.221
10.211
10.204
10.188
10.216
10.203
10.205
10.104
10.234
10.108
10.185
10.154
10.203
10.212
10.223
10.181
0.063
10.209
10.208
10.279
10.183
10.215
10.201
10.203
10.22
10.205
10.234
10.204
10.185
10.221
10.21
10.232
10.211
10.202
10.199
10.203
10.183
10.119
10.223
10.207
10.217
10.199
10.3
10.256
10.153
10.222
10.143
10.133
10.243
10.196
10.212
10.201
10.201
10.159
10.21
10.202
10.205
10.203
10.207
10.128
10.179
10.201
10.215
10.183
10.195
10.203
10.203
10.189
10.143
10.125
10.191
0.061
10.21
10.185
10.235
10.204
10.113
10.116
10.13
10.111
10.111
10.129
10.129
10.123
10.128
10.11
10.13
10.124
10.122
10.136
10.21
10.181
10.233
10.131
10.235
10.208
10.207
10.204
10.196
10.207
10.21
10.244
10.139
10.129
10.209
10.216
10.129
10.111
10.241
10.221
10.229
10.18
10.201
10.206
10.159
10.125
10.191
10.203
10.105
10.121
10.117
10.208
10.208
10.197
10.204
0.069
10.207
10.209
10.197
10.125
10.216
10.097
10.232
10.201
10.231
10.198
10.207
10.115
10.183
10.176
10.171
10.228
10.304
10.204
10.18
10.214
10.204
10.183
10.211
10.18
10.217
10.225
10.121
10.199
10.211
10.138
10.211
10.182
10.214
10.198
10.144
10.118
10.162
10.187
10.223
10.212
10.233
10.124
10.206
10.218
10.167
10.186
10.197
10.197
10.201
10.184
0.07
10.205
10.2
10.209
10.214
10.177
10.235
10.208
10.184
10.208
10.211
10.127
10.109
10.171
10.204
10.199
10.116
10.117
10.13
10.127
10.231
10.188
10.22
10.203
10.207
10.203
10.115
10.107
10.114
10.098
10.077
10.095
10.092
10.185
10.217
10.145
10.214
10.212
10.127
10.187
10.204
10.198
10.211
10.128
10.102
10.059
10.069
10.172
10.199
10.201
10.115
10.136
10.193
10.212
10.23
10.186
10.235
10.207
10.19
0.063
10.193
10.212
10.241
10.18
10.177
10.257
10.329
10.268
10.204
10.207
10.111
10.21
10.235
10.14
10.204
10.205
10.186
10.229
10.169
10.209
10.234
10.209
10.229
10.115
10.204
10.207
10.204
10.119
10.208
10.187
10.21
10.145
10.159
10.207
10.195
10.188
10.194
10.193
10.229
10.177
10.149
10.113
10.197
10.199
10.18
0.063
10.197
10.189
10.239
10.145
10.18
10.204
10.235
10.189
10.199
10.234
10.189
10.235
10.126
10.234
10.192
10.186
10.234
10.196
10.122
10.128
10.119
10.233
10.205
10.208
10.21
10.215
10.134
10.201
10.201
10.196
10.13
10.207
10.245
10.111
10.212
10.138
10.14
10.126
10.206
10.208
10.196
10.185
10.11
10.117
10.116
10.186
10.209
10.236
10.122
10.243
10.21
10.118
10.108
10.195
0.056
10.179
10.237
10.101
10.091
10.123 
10.334
10.238
10.235
10.103
10.216
10.206
10.194
10.205
10.2
10.189
10.236
10.16
10.231
10.146
10.113
10.118
10.21
10.14
10.222
10.186
10.232
10.198
10.207
10.21
10.218
10.135
10.218
10.179
10.201
10.185
10.231
10.195
10.108
10.198
10.192
10.207
10.205
10.186
10.234
10.168
10.2
10.196
10.149
10.211
10.201
10.121
10.1
10.195
10.195
0.064
10.167
10.202
10.235
10.208
10.198
10.212
10.22
10.183
10.23
10.189
10.215
10.234
10.208
10.211
10.22
10.12
10.211
10.206
10.105
10.201
10.206
10.191
10.211
10.13
10.217
10.208
10.205
10.123
10.152
10.126
10.149
10.122
10.166
10.207
10.203
10.12
10.343
10.11
10.115
10.089
10.101
10.079
10.076
10.075
10.068
10.086
10.076
10.188
10.189
10.33
10.342
10.191
10.177
0.068
10.197
10.207
10.13
10.236
10.209
10.215
10.208
10.195
10.124
10.118
10.111
10.123
10.112
10.133
10.11
10.11
10.22
10.124
10.221
10.126
10.123
10.216
10.21
10.207
10.111
10.12
10.125
10.207
10.219
10.218
10.225
10.208
10.109
10.151
10.239
10.181
10.198
10.2
10.182
10.217
10.205
10.204
10.237
10.204
10.149
10.183
10.189
10.208
10.218
10.183
10.188
10.199
10.209
10.178
0.069
10.19
10.11
10.212
10.219
10.184
10.133
10.209
10.224
10.194
10.214
10.151
10.086
10.203
10.2
10.209
10.21
10.188
10.202
10.202
10.215
10.163
10.182
10.136
10.2
10.104
10.233
10.2
10.229
10.11
10.183
10.123
10.211
10.214
10.222
10.186
10.203
10.203
10.129
10.108
10.216
10.171
10.277
10.187
10.22
10.207
10.191
10.2
10.208
10.221
10.211
10.22
10.191
0.07
10.21
10.185
10.198
10.221
10.208
10.216
10.199
10.211
10.183
10.225
10.193
10.21
10.183
10.212
10.21
10.202
10.209
10.105
10.166
10.209
10.234
10.207
10.237
10.207
10.209
10.153
10.239
10.212
10.203
10.177
10.13
10.115
10.085
10.081
10.076
10.092
10.073
10.073
10.07
10.074
10.077
10.078
10.079
10.077
10.077
10.097
10.085
10.075
10.083
10.071
10.089
10.075
10.099
10.094
10.071
10.173
10.199
10.216
10.2
10.213
0.07
10.197
10.208
10.209
10.235
10.204
10.197
10.19
10.213
10.205
10.189
10.22
10.208
10.191
10.207
10.188
10.22
10.173
10.208
10.203
10.197
10.181
10.237
10.19
10.196
10.137
10.209
10.212
10.355
10.22
10.256
10.21
10.203
10.179
10.222
10.206
10.209
10.204
10.205
10.206
10.2
10.188
10.189
10.233
10.211
10.201
10.206
10.208
10.21
10.196
10.203
0.063
10.203
10.171
10.191
10.188
10.159
10.124
10.128
10.151
10.093
10.214
10.215
10.187
10.206
10.234
10.214
10.215
10.15
10.209
10.24
10.214
10.22
10.205
10.211
10.22
10.205
10.124
10.206
10.207
10.215
10.193
10.209
10.231
10.205
10.2
10.21
10.192
10.186
10.201
10.19
10.184
10.204
10.154
10.21
10.189
10.195
0.054
10.11
10.232
10.098
10.216
10.107
10.192
10.216
10.196
10.177
10.237
10.205
10.203
10.192
10.24
10.208
10.123
10.233
10.202
10.153
10.215
10.189
10.216
10.235
10.162
10.211
10.218
10.136
10.123
10.223
10.214
10.343
10.207
10.223
10.213
10.136
10.11
10.14
10.205
10.202
10.184
10.237
10.207
10.226
10.184
10.135
10.221
10.21
10.195
10.191
10.201
10.202
10.207
10.215
0.065
10.179
10.213
10.208
10.189
10.219
10.209
10.197
10.123
10.131
10.098
10.125
10.182
10.204
10.224
10.209
10.204
10.123
10.209
10.216
10.106
10.215
10.107
10.097
10.174
10.202
10.219
10.209
10.19
10.204
10.118
10.235
10.212
10.22
10.186
10.242
10.188
10.188
10.187
10.235
10.206
10.207
10.232
10.201
10.125
10.104
10.185
10.2
10.212
10.23
0.071
10.203
10.238
10.138
10.238
10.181
10.22
10.19
10.179
10.188
10.195
10.106
10.209
10.138
10.205
10.2
10.216
10.208
10.19
10.211
10.234
10.207
10.132
10.185
10.215
10.133
10.219
10.303
10.181
10.212
10.212
10.208
10.186
10.22
10.196
10.203
10.115
10.205
10.189
10.216
10.169
10.209
10.195
10.204
10.188
10.218
10.187
10.213
10.204
10.191
10.223
0.062
10.209
10.113
10.232
10.183
10.215
10.152
10.201
10.202
10.196
10.135
10.115
10.114
10.236
10.212
10.149
10.211
10.183
10.229
10.206
10.206
10.211
10.237
10.212
10.232
10.203
10.206
10.187
10.202
10.105
10.163
10.209
10.119
10.187
10.196
10.185
10.235
10.121
10.188
10.235
10.203
10.131
10.163
10.218
10.183
10.231
10.084
10.17
10.207
10.177
10.144
10.122
10.183
10.201
10.118
0.063
10.179
10.221
10.179
10.159
10.228
10.195
10.086
10.209
10.22
10.195
10.203
10.11
10.207
10.184 
10.1
10.208
10.202
10.212
10.205
10.207
10.3
10.239
10.147
10.207
10.214
10.108
10.125
10.233
10.205
10.099
10.123
10.213
10.235
10.106
10.181
10.187
10.203
10.163
10.209
10.132
10.235
10.188
10.219
10.21
10.235
10.169
10.201
10.206
10.138
10.184
0.068
10.193
10.211
10.112
10.189
10.234
10.2
10.201
10.214
10.103
10.124
10.098
10.128
10.111
10.109
10.114
10.106
10.164
10.214
10.206
10.19
10.232
10.204
10.232
10.184
10.234
10.207
10.216
10.21
10.196
10.206
10.101
10.217
10.208
10.224
10.187
10.217
10.206
10.127
10.108
10.091
10.217
10.193
10.209
10.215
10.215
10.125
10.122
10.155
10.205
10.204
10.184
10.104
10.209
10.208
10.205
0.059
10.2
10.22
10.13
10.204
10.21
10.218
10.212
10.219
10.204
10.207
10.202
10.199
10.246
10.297
10.262
10.163
10.195
10.203
10.21
10.218
10.14
10.211
10.135
10.221
10.206
10.136
10.131
10.14
10.21
10.2
10.184
10.15
10.235
10.145
10.2
10.207
10.139
10.203
10.183
10.11
10.233
10.199
10.195
10.175
10.208
10.236
10.171
0.063
10.227
10.135
10.214
18.465
6.253
10.21
6.08
10.208
16.919
6.481
10.112
6.503
10.199
10.211
10.186
10.12
10.144
10.112
10.202
10.206
10.133
10.099
10.208
10.174
10.089
10.187
10.105
10.181
10.155
10.088
10.15
10.199
10.142
10.097
10.088
10.17
10.197
10.206
10.111
10.165
10.202
10.184
10.103
10.202
10.087
10.084
10.095
9.651
10.102
6.516
10.173
16.507
6.673
10.214
6.449
10.185
6.133
10.213
10.13
10.184
13.239
10.206
10.19
12.443
10.219
10.337
12.544
6.446
10.115
6.504
10.101
10.191
10.183
12.715
10.19
10.177
10.235
10.161
10.202
10.207
10.235
10.207
10.156
10.219
10.207
10.206
10.177
10.118
10.237
10.184
10.194
0.062
10.177
10.234
10.128
10.202
10.205
10.205
10.204
10.17
10.181
10.229
10.204
10.144
10.222
10.186
10.215
10.211
10.182
10.189
10.121
10.1
10.141
10.202
10.145
10.117
10.1
10.098
10.071
10.097
10.122
10.13
10.222
10.096
10.109
10.108
10.129
10.126
10.221
10.207
10.108
10.184
10.21
10.204
10.125
10.205
10.173
10.208
10.244
10.154
10.211
10.235
10.208
10.122
10.215
10.204
10.096
10.208
10.234
10.205
10.19
10.204
10.224
0.068
10.11
10.204
10.236
10.207
10.185
10.236
10.164
10.235
10.192
10.184
10.233
10.28
10.276
10.209
10.206
10.109
10.138
10.206
10.21
10.209
10.238
10.209
10.191
10.217
10.11
10.115
10.219
10.204
10.18
10.133
10.161
10.206
10.184
10.188
10.234
10.098
10.138
10.185
10.193
10.218
10.187
10.199
10.206
10.234
10.185
10.2
0.064
10.197
10.232
10.182
10.234
10.208
10.223
10.195
10.19
10.11
10.094
10.161
10.232
10.208
10.198
10.243
10.217
