5003.89
4994.96
5000.27
5003.4
4999.77
5003.04
4993.4
4998.26
5005.66
4999.47
5000.93
5000.25
4994.54
5001.26
4997.96
5005.46
5001.61
5000.72
4996.79
4995.94
5000.69
5000.03
5004.63
4994.06
5004.88
4997.97
4997.37
5004.74
5000.02
4997.67
4997.81
4999.06
5007.3
4993.26
5005.95
4998.8
4993.98
5009.38
4999.59
5000.77
4990.51
5006.81
4998.59
4996.73
5002.77
5000.13
5003.45
4999.39
4995.93
4996.79
5000.92
5007.97
4992.56
5001.29
5001.94
5001.71
4995.77
4999.08
4999.5
5003.51
4998.67
5002.85
5002.63
4996.4
4994.78
5007.95
4992.46
5002.07
4998.83
5005.8
5000.53
4995.05
5001.1
5002.15
5001.98
4995.35
5001.27
5001.75
4994.97
5002.44
5004.93
4999.22
4990.79
5007.74
4995.96
4999.6
4999.25
5006.91
5000.46
4997.2
4999.98
5000.9
5001.22
4991.54
5001.03
5005.81
5001.62
4994.81
4999.7
4998.37
4999.94
5005.52
5003.09
4999.29
4990.48
5006.41
4999.52
5001.65
4996.47
4998.13
5003.02
4998.84
4996.85
4999.65
4999.73
5002.93
5005.42
4997.82
4995.33
4999.59
