199.158
195.122
203.779
203.01
202.158
193.568
203.428
192.708
202.853
203.259
193.29
203.43
202.495
202.022
202.216
192.528
204.75
201.832
192.654
203.298
202.749
193.44
203.366
203.208
193.269
203.168
203.603
193.154
202.685
203.075
203.596
193.297
203.463
202.407
192.393
203.47
203.113
193.053
203.187
203.285
193.071
203.624
203.257
193.359
202.649
203.576
193.151
203.11
203.48
193.04
203.464
203.672
202.096
192.899
203.677
203.488
193.104
203.373
203.125
193.024
202
202.53
203.012
193.251
203.454
203.248
193.112
203.12
203.333
193.346
202.419
203.572
193.204
203.493
203.663
193.366
203.745
202.818
193.091
203.53
203.275
193.302
203.308
203.564
193.157
202.48
203.05
193.222
203.01
203.472
193.261
203.791
203.437
192.408
201.98
202.043
202.81
193.237
203.01
203.399
203.103
193.028
203.188
203.481
192.237
203.064
203.63
193.405
203.364
203.194
193.288
203.661
202.582
192.695
203.459
203.34
192.935
203.618
203.188
193.177
202.767
202.521
193.267
202.628
203.521
203.316
193.237
203.518
203.02
192.615
202.126
203.658
203.446
193.287
203.545
193.089
203.815
203.47
192.248
203.343
203.653
193.333
203.601
203.489
193.274
203.07
203.981
193.12
203.124
203.24
193.067
203.599
203.268
202.412
193.416
203.717
193.444
203.319
203.489
203.269
193.17
202.995
203.355
193.395
203.452
193.123
203.868
203.229
202.556
192.586
203.262
203.253
193.385
203.435
203.539
193.124
203.495
202.342
192.144
203.198
203.355
193.41
203.117
203.42
203.432
193.205
203.008
202.971
193.282
203.48
202.974
193.134
203.619
203.515
192.358
202.181
202.724
193.252
203.335
203.143
203.378
193.569
196.863
199.584
207.508
194.155
202.708
203.354
193.257
203.343
203.421
193.508
