1007.81
995.072
1005.21
998.57
994.642
1002.79
996.918
1004.38
995.882
1004.58
995.48
1005.25
995.27
996.647
1004.84
996.77
1005.82
995.136
1007.1
995.728
996.554
1005.47
994.858
1006.76
995.111
996.224
1006.17
1003.41
996.848
993.427
1006.57
995.544
1006.81
994.601
1006.55
996.075
995.988
1007.28
996.325
996.538
1006.68
994.961
996.274
1003.68
996.831
999.097
1004.17
1005.86
995.63
1003.01
999.342
997.135
997.591
1007.46
991.422
1001.27
1002.25
1000.14
1001.55
1002.57
990.694
1002.36
1002.53
1000.56
1000.2
1003.88
999.024
1000.08
992.061
1000.4
1000.98
1001.12
1001.93
1004.09
992.819
1002.74
1002.26
1001.2
993.676
1004.14
994.727
1003.19
1005.52
991.29
1002.71
1003.67
993.399
1003.51
1004.53
1000.6
996.161
1003.23
996.833
1002.93
993.307
1002.52
1002.86
1000.76
1000.77
992.567
1001.67
1001.9
1003.88
1000.69
999.735
1000.62
992.046
1002.72
1004.71
990.899
1002.77
1002.92
1004.58
993.574
1001.85
1003.81
991.188
1003.05
1003.92
992.306
1004.47
1002.81
995.214
1003.97
995.029
1003.27
1002.79
993.202
1004
1004.24
993.559
1004.09
1002.48
994.182
1001.49
1000.98
994.827
1001.05
1001.56
1001.58
994.66
1003.69
1001.29
1003.08
994.127
1001.99
1002.71
999.615
994.015
1003.26
1003.15
1001.15
995.875
1003.46
1001.19
1000.53
994.6
1000.38
1003.95
994.563
1001.35
1003.41
995.328
1005.93
993.589
1001.92
1004.03
994.523
1003.08
1001.37
1000.55
1000.74
994.421
1001.51
997.817
1003.53
996.575
1003.7
1003.58
991.464
1002.23
997.449
1008.95
996.538
996.81
997.107
1006.88
996.7
997.248
1007.14
997.516
996.991
997.889
1007.49
996.93
996.748
1003.3
997.301
1006.83
997.009
997.09
996.879
1006.9
996.768
996.837
1006.79
996.682
997.062
1007.12
997.142
996.871
1006.84
996.87
996.626
1006.4
996.669
997.938
997.355
1006.75
996.449
997.873
1006.8
996.719
996.989
1007.16
996.813
998.239
998.156
1000.83
999.976
997.804
1006.54
996.475
996.598
1006.91
996.32
996.393
1007.04
994.215
1006.57
996.513
996.403
1006.59
996.405
1000.38
997.055
1007.56
997.194
998.59
997.117
998.008
998.631
1007.74
998.059
996.562
1007.75
996.477
997.022
1006.66
996.544
996.456
1006.64
997.953
996.479
996.809
1006.86
996.567
996.652
1006.47
995.839
996.486
1006.57
996.767
1006.9
996.783
997.001
997.997
1007.22
996.522
996.683
1007.51
999.001
997.688
997.107
996.799
1007.61
999.536
997.325
997.628
998.018
1008.53
996.869
997.319
1006.84
997.027
996.888
996.822
1006.69
997.536
997.19
1006.71
996.925
996.188
1006.43
996.176
996.497
1006.52
996.103
998.656
998.522
1006.25
996.164
996.845
1006.36
996.262
997.522
1006.94
996.42
996.237
1006.24
996.251
1006.28
996.43
999.093
996.553
1006.59
1000.36
999.663
996.988
997.122
1003.64
998.895
999.515
998.927
997.586
1008.29
996.472
996.211
1006.31
996.273
996.39
1006.17
998.24
996.409
1006.34
996.08
996.315
1007.29
996.592
996.14
1006.35
995.918
1006.9
996.309
996.338
1006.38
996.327
996.388
1006.2
996.486
1003.49
996.224
996.321
1006.2
996.364
1006.69
996.36
996.223
1006.52
996.453
996.08
1006.19
997.342
996.495
1006.46
996.222
996.322
1006.36
996.389
1006.47
996.608
996.303
997.545
1006.45
996.255
998.301
1008.88
998.388
999.774
996.297
996.546
1006.43
996.593
996.234
1006.31
996.059
1006.36
996.199
996.499
1006.43
996.178
1006.26
996.367
996.608
1006.58
996.561
996.941
996.639
1006.94
996.659
997.734
1007.29
998.971
996.853
996.592
1006.44
996.503
996.707
1006.84
996.553
1004.27
1000.59
998.623
999.07
996.492
996.989
1007.06
996.401
996.279
1006.31
996.249
1006.2
996.278
996.962
1006.24
996.389
996.424
1006.23
996.21
1006.23
996.256
997.544
997.212
1007.05
996.959
996.835
1006.79
997.954
996.502
1007.21
996.294
996.073
1006.98
996.778
996.504
1006.67
996.676
996.872
1006.18
996.275
997.113
1006.26
996.278
998.031
1006.63
996.499
996.974
997.403
1006.65
997.113
996.88
1006.56
996.712
997.13
1001.99
996.873
1007.21
997.013
996.735
1006.87
996.855
997.099
1007.17
996.921
996.716
1006.8
996.863
996.723
999.983
996.516
1006.81
996.691
996.823
1006.85
997.54
996.992
1006.78
996.831
996.926
1006.88
996.921
997.107
996.81
1006.71
997.039
996.957
1006.78
996.876
996.722
1006.85
996.705
996.815
1006.77
996.596 
996.608
1006.91
997.497
997.238
997.125
1006.58
996.568
997.034
999.032
1006.9
998.141
997.077
1006.72
997.158
996.779
1007.03
997.144
996.608
997.993
1006.98
995.65
1002.14
1000.06
997.091
996.881
1000.72
1008.17
992.002
998.399
1004.2
1000.67
998.014
998.06
1006.73
997.866
998.472
997.332
1006.71
1013.58
986.947
1000.2
999.045
991.868
1006.63
996.646
1006.82
996.557
996.996
1006.99
997.051
996.732
996.772
1006.97
996.819
996.701
1003.66
997.21
1007
996.894
1001.13
1002.03
1000.61
