0.055
5.883
10.194
0.049
10.154
0.047
10.198
0.046
10.157
0.047
0.028
10.173
0.044
10.155
0.06
10.195
0.039
10.185
0.038
10.184
0.043
10.155
0.044
10.203
0.044
10.171
0.043
10.102
0.037
10.095
0.029
10.062
0.026
10.197
0.036
10.166
0.042
10.158
0.056
10.181
0.053
10.168
0.052
10.169
0.053
10.161
0.05
10.173
0.046
10.2
0.048
10.172
0.048
10.173
0.048
0.03
10.161
0.038
10.186
0.039
9.266
0.037
10.173
0.039
6.053
10.166
0.039
6.528
10.094
0.043
6.318
10.177
0.043
0.026
6.077
10.184
0.038
6.752
10.088
0.037
6.336
10.169
0.048
6.318
0.04
10.163
0.039
6.636
10.195
0.044
10.177
0.038
10.185
0.039
10.164
0.038
10.075
0.038
10.085
0.04
10.094
0.053
10.18
0.056
10.168
0.053
10.176
0.051
10.143
0.044
10.15
0.044
10.201
0.048
10.17
0.046
0.035
10.156
0.038
10.119
0.038
10.156
0.035
10.177
0.037
10.175
0.039
10.183
0.038
10.208
0.044
10.176
0.044
10.152
0.043
10.157
0.113
10.145
0.09
10.175
0.037
10.159
0.038
10.184
0.039
10.192
0.037
10.164
0.05
10.195
0.054
10.146
0.051
10.158
0.051
10.148
0.039
10.089
0.047
10.151
0.044
10.094
0.043
10.2
0.055
0.029
10.183
0.034
10.182
0.037
10.21
0.038
10.098
0.037
10.123
0.047
10.172
0.044
10.178
0.045
10.173
0.042
10.19
0.039
10.167
0.039
10.178
0.037
10.182
0.039
10.182
0.037
10.169
0.055
10.18
0.052
10.085
0.052
10.164
0.052
10.168
0.048
10.197
0.045
10.098
0.045
10.1
0.044
10.194
0.052
0.029
10.179
0.04
10.162
0.037
10.118
0.044
10.094
0.038
10.174
0.043
10.154
0.043
10.205
0.045
10.175
0.043
10.171
0.036
10.158
0.043
10.199
0.034
10.086
0.034
10.193
0.034
10.141
0.054
10.169
0.051
10.157
0.051
10.191
0.05
10.168
0.049
10.154
0.046
10.175
0.047
10.185
0.049
10.066
0.047
10.086
0.053
0.03
10.106
0.037
10.182
0.037
10.173
0.038
10.141
0.037
10.188
0.044
10.183
0.043
10.188
0.043
10.18
0.045
10.176
0.037
10.19
0.038
10.211
0.039
10.177
0.037
10.107
0.039
10.068
0.049
10.085
0.053
10.089
0.051
10.163
0.05
10.081
0.051
10.14
0.047
10.171
0.04
10.169
0.042
10.159
0.047
0.029
10.108
0.038
10.085
0.03
10.203
0.041
10.148
0.038
10.188
0.045
10.176
0.042
10.146
0.043
10.166
0.043
10.179
0.039
10.193
0.037
10.114
0.038
10.194
0.038
10.085
0.037
10.187
0.044
10.149
0.043
10.203
0.045
10.142
0.112
10.129
0.09
10.268
0.047
10.068
0.037
10.17
0.042
10.169
0.043
0.025
10.186
0.036
10.185
0.038
10.196
0.038
10.184
0.037
10.184
0.042
10.176
0.044
10.092
0.044
10.191
0.044
10.177
0.037
10.081
0.038
10.144
0.041
10.177
0.037
10.185
0.037
10.169
0.044
10.179
0.045
10.2
0.042
10.176
0.043
10.156
0.048
10.188
0.034
10.182
0.033
10.078
0.034
10.171
0.039
10.173
0.045
0.029
10.163
0.038
10.162
0.038
10.209
0.038
10.183
0.038
10.179
0.043
10.168
0.044
10.159
0.041
10.083
0.044
10.171
0.037
10.111
0.039
10.211
0.038
10.153
0.036
10.094
0.037
10.166
0.043
10.108
0.043
10.204
0.045
10.086
0.038
10.059
0.026
10.071
0.027
10.17
0.037
10.178
0.036
10.163
0.039
10.192
0.051
10.154
0.051
10.165
0.051
10.146
0.054
10.143
0.044
10.168
0.045
10.134
0.048
10.152
0.047
10.182
0.046
0.029
10.214
0.037
10.1
0.036
10.093
0.038
10.181
0.037
10.154
0.044
10.209
0.071
10.083
0.038
10.092
0.039
10.152
0.036
10.204
0.036
10.181
0.038
10.119
0.038
10.155
0.038
10.105
0.054
10.148
0.052
10.193
0.054
10.165
0.051
10.09
0.048
10.183
0.047
10.169
0.045
10.172
0.045
10.164
0.046
0.029
10.115
0.037
10.193
0.038
10.18
0.038
10.172
0.038
10.181
0.037
10.174
0.043
10.179
0.044
10.168
0.037
10.18
0.038
10.184
0.033
10.076
0.036
10.102
0.033
10.173
0.032
10.178
0.032
10.138
0.05
10.074
0.042
10.136
0.099
10.125
0.106
10.202
0.045
10.189
0.045
10.165
0.052
10.159
0.045
10.165
0.045
0.029
10.172
0.034
10.17
0.038
10.178
0.037
10.179
0.037
10.18
0.045
10.202
0.043
10.103
0.043
10.18
0.044
10.205
0.038
10.105
0.038
10.177
0.037
10.185
0.037
10.181
0.037
10.154
0.053
10.193
0.051
10.079
0.054
10.089
0.051
10.071
0.046
10.079
0.046
10.098
0.047
10.174
0.051
10.173
0.045
0.029
10.177
0.038
10.159
0.039
10.183
0.037
10.101
0.037
10.181
0.043
10.173
0.037
10.177
0.038
10.173
0.037
10.167
0.032
10.164
0.033
10.209
0.032
10.178
0.034
10.177
0.032
10.157
0.039
10.186
0.039
10.148
0.044
10.175
0.043
10.186
0.033
10.075
0.035 
10.193
0.034
10.176
0.037
10.113
0.041
10.186
0.037
10.164
0.051
0.028
10.179
0.039
10.108
0.033
10.208
0.035
10.172
0.042
10.158
0.043
10.093
0.041
10.159
0.038
10.081
0.04
10.21
0.038
10.159
0.037
10.177
0.036
10.081
0.038
10.069
0.041
10.101
0.044
10.112
0.044
10.201
0.044
10.172
0.036
10.185
0.039
10.171
0.037
10.18
0.037
10.107
0.04
10.076
0.05
10.083
0.051
10.168
0.054
10.067
0.048
10.165
0.046
10.176
0.049
10.18
0.045
10.152
0.046
10.183
0.047
0.029
10.186
0.038
10.09
0.033
10.08
0.027
10.115
0.037
10.172
0.043
10.174
0.043
10.204
0.043
10.158
0.044
10.185
0.037
10.191
0.038
10.113
0.04
10.182
0.038
10.181
0.037
10.152
0.058
10.104
0.052
10.13
0.105
10.222
0.104
10.221
0.041
10.17
0.043
10.194
0.046
10.162
0.048
10.16
0.047
0.022
10.173
0.038
10.102
0.038
10.155
0.039
10.193
0.038
10.084
0.038
10.079
0.031
10.164
0.043
10.204
0.044
10.135
0.043
10.171
0.037
10.181
0.037
10.074
0.037
10.182
0.037
10.167
0.038
10.163
0.051
10.179
0.047
10.166
0.046
10.165
0.046
10.065
0.041
10.067
0.047
10.173
0.042
10.167
0.048
10.182
0.049
0.029
10.124
0.038
10.178
0.037
10.177
0.037
10.209
0.038
10.094
0.044
10.093
0.042
10.178
0.044
10.181
0.046
10.177
0.04
10.226
0.038
10.181
0.037
10.081
0.039
10.172
0.032
10.174
0.037
10.083
0.039
10.062
0.031
10.075
0.029
10.05
0.026
10.055
0.027
10.069
0.025
10.058
0.027
10.059
0.027
10.044
0.036
10.13
0.046
10.141
0.054
10.156
0.056
10.179
0.046
10.16
0.044
10.178
0.049
10.11
0.046
10.174
0.049
0.029
10.208
0.037
10.17
0.038
10.162
0.036
10.195
0.04
10.185
0.037
10.187
0.038
10.174
0.044
10.179
0.045
10.117
0.039
10.099
0.038
10.114
0.041
10.209
0.038
10.182
0.038
10.194
0.052
10.149
0.052
10.086
0.049
10.067
0.05
10.169
0.053
10.18
0.046
10.171
0.046
10.153
0.045
10.162
0.047
10.172
0.047
0.029
10.189
0.038
10.18
0.032
10.18
0.032
10.182
0.033
10.169
0.042
10.157
0.044
10.182
0.043
10.171
0.042
10.177
0.037
10.172
0.037
10.177
0.036
10.185
0.041
10.123
0.039
10.08
0.053
10.145
0.121
10.227
0.121
10.255
0.05
10.146
0.046
10.198
0.047
10.173
0.045
10.17
0.046
10.197
0.047
0.029
10.111
0.043
10.14
0.034
10.077
0.032
10.117
0.036
10.176
0.044
10.164
0.043
10.174
0.042
10.174
0.043
10.123
0.038
10.177
0.037
10.192
0.037
10.236
0.042
10.186
0.04
10.064
0.054
10.169
0.053
10.181
0.057
10.17
0.053
10.176
0.045
10.079
0.045
10.09
0.044
10.094
0.048
10.199
0.046
0.03
10.152
0.033
10.208
0.033
10.178
0.032
10.183
0.038
10.169
0.042
10.171
0.042
10.177
0.045
10.18
0.044
10.101
0.033
10.066
0.03
10.073
0.026
10.077
0.025
10.067
0.027
10.075
0.027
10.051
0.029
10.061
0.032
10.054
0.029
10.07
0.031
10.056
0.027
10.07
0.025
10.068
0.024
10.072
0.026
10.059
0.02
10.053
0.026
10.057
0.03
10.046
0.027
10.056
0.024
10.071
0.025
10.059
0.027
10.054
0.027
10.061
0.026
10.054
0.026
10.072
0.052
10.081
0.035
10.132
0.049
10.167
0.053
10.178
0.046
10.12
0.047
10.181
0.046
10.17
0.045
10.159
0.047
0.028
10.211
0.039
10.184
0.038
10.209
0.038
10.188
0.032
10.188
0.039
10.175
0.037
10.145
0.041
10.168
0.043
10.096
0.041
10.186
0.039
10.194
0.039
10.184
0.039
10.176
0.039
10.163
0.051
10.108
0.051
10.16
0.053
10.084
0.043
10.131
0.037
10.171
0.05
10.157
0.053
10.154
0.045
10.17
0.044
0.029
10.161
0.038
10.192
0.038
10.105
0.032
10.163
0.038
10.088
0.042
10.068
0.081
10.09
0.066
10.07
0.023
10.15
0.038
10.076
0.027
10.196
0.041
10.187
0.038
10.103
0.036
10.098
0.038
10.201
0.042
10.178
0.044
10.203
0.044
10.168
0.054
10.081
0.037
10.168
0.049
10.198
0.047
10.15
0.048
10.18
0.045
0.029
10.19
0.034
10.099
0.038
10.208
0.037
10.154
0.037
10.191
0.038
10.171
0.043
10.178
0.044
10.172
0.042
10.187
0.041
10.133
0.035
10.109
0.034
10.185
0.039
10.177
0.037
10.245
0.046
10.188
0.044
10.171
0.043
10.1
0.045
10.183
0.039
10.2
0.048
10.149
0.044
10.162
0.044
10.149
0.044
0.028
10.192
0.038
10.091
0.038
10.164
0.033
10.167
0.033
10.19
0.047
10.107
0.042
10.08
0.036
10.071
0.029
10.142
0.038
10.096
0.04
10.152
0.038
10.209
0.037
10.182
0.038
10.173
0.042
10.175
0.043
10.158
0.044
10.172
0.043
10.199
0.037
10.159
0.038
10.192
0.038
10.079
0.038
10.111
0.04
10.118
0.047
10.154
0.044
10.159
0.046 
10.193
0.045
10.162
0.042
10.164
0.045
10.17
0.045
0.034
10.181
0.045
10.165
0.043
10.086
0.038
10.157
0.038
10.209
0.038
10.181
0.037
10.177
0.037
10.172
0.042
10.145
0.043
10.176
0.044
10.179
0.045
10.19
0.039
10.191
0.041
10.078
0.036
10.187
0.033
10.115
0.04
10.059
0.045
10.146
0.05
10.163
0.044
10.158
0.05
10.148
0.046
10.097
0.046
10.169
0.046
10.169
0.045
10.152
0.046
0.029
10.185
0.038
10.18
0.037
10.102
0.032
10.109
0.038
10.207
0.097
10.145
0.112
10.128
0.043
10.203
0.044
10.162
0.04
10.117
0.037
10.18
0.037
10.101
0.043
10.188
0.039
10.144
0.05
10.175
0.05
10.178
0.052
10.17
0.059
10.18
0.045
10.2
0.048
10.172
0.045
10.171
0.048
10.092
0.043
0.025
10.168
0.033
10.183
0.034
10.183
0.034
10.15
0.034
10.201
0.038
10.175
0.037
10.173
0.036
10.18
0.039
10.198
0.038
10.184
0.032
10.178
0.032
10.18
0.039
10.191
0.04
10.171
0.053
10.177
0.053
10.165
0.051
10.145
0.049
10.158
0.05
10.163
0.046
10.176
0.048
10.164
0.045
10.17
0.047
10.174
0.048
0.029
10.189
0.039
10.122
0.037
10.089
0.033
10.184
0.034
10.169
0.042
10.164
0.038
10.176
0.039
10.157
0.038
10.185
0.032
10.164
0.033
10.115
0.034
10.191
0.033
10.189
0.039
10.148
0.052
10.175
0.05
10.085
0.048
10.166
0.051
10.145
0.046
10.199
0.046
10.169
0.045
10.168
0.045
10.151
0.048
0.028
10.209
0.038
10.181
0.037
10.178
0.036
10.184
0.038
10.102
0.047
10.202
0.042
10.179
0.043
10.189
0.043
10.173
0.032
10.174
0.036
10.178
0.036
10.166
0.038
10.208
0.039
10.168
0.053
11.075
0.051
10.174
0.052
10.156
0.051
10.162
0.044
10.152
0.048
10.066
0.043
10.102
0.046
10.112
0.044
0.028
10.211
0.034
10.18
0.035
10.188
0.033
10.108
0.033
10.163
0.045
10.124
0.044
10.163
0.042
10.17
0.043
10.181
0.039
10.211
0.038
10.184
0.039
10.077
0.033
10.167
0.034
10.166
0.078
10.215
0.122
10.237
0.049
10.168
0.053
10.075
0.052
10.17
0.047
10.184
0.046
10.17
0.047
10.175
0.049
10.197
0.045
0.029
10.183
0.038
10.105
0.039
10.208
0.039
10.183
0.038
10.111
0.045
10.103
0.038
10.089
0.038
10.175
0.041
10.176
0.039
10.21
0.038
10.185
0.039
10.177
0.037
10.114
0.041
10.15
0.052
10.168
0.052
10.091
0.051
10.068
0.05
10.195
0.042
10.168
0.04
10.084
0.049
10.164
0.044
10.1
0.047
0.028
10.204
0.037
10.182
0.038
10.17
0.042
10.18
0.037
10.191
0.045
10.187
0.038
10.106
0.038
10.204
0.037
10.174
0.033
10.184
0.035
10.167
0.032
10.177
0.031
10.174
0.038
10.082
0.044
10.072
0.035
10.061
0.034
10.154
0.056
10.156
0.053
10.185
0.046
10.154
0.044
10.069
0.044
10.168
0.044
0.028
10.164
0.038
10.189
0.037
10.21
0.038
10.117
0.037
10.182
0.038
10.164
0.037
10.199
0.043
10.173
0.043
10.159
0.043
10.188
0.038
10.177
0.037
10.11
0.037
10.188
0.034
10.16
0.033
10.2
0.044
10.173
0.045
10.117
0.045
10.176
0.043
10.18
0.04
10.078
0.08
10.199
0.047
10.091
0.04
10.078
0.031
0.018
10.082
0.027
10.066
10.066
0.039
10.078
0.038
10.078
0.04
10.06
0.037
10.086
0.036
10.069
0.037
10.07
0.034
0.018
10.068
0.022
10.076
0.028
10.058
0.027
10.054
0.027
10.052
0.058
10.057
0.03
10.105
0.03
10.072
0.03
10.074
0.026
10.1
0.03
4.567
10.06
0.04
6.368
10.057
0.06
6.456
10.097
0.065
6.75
0.028
10.116
0.04
6.093
10.079
0.026
6.623
10.144
0.058
6.505
0.031
10.145
0.049
6.139
10.088
0.031
6.602
10.145
0.046
10.073
0.03
10.157
0.052
0.018
13.19
0.039
10.187
0.041
10.146
0.038
10.092
0.038
10.177
0.054
10.088
0.051
10.09
0.052
10.169
0.051
1.704
10.18
0.043
6.081
10.163
0.037
6.012
10.08
0.056
6.944
10.163
0.045
0.029
6.105
10.156
0.044
6.376
10.121
0.034
6.484
0.032
10.172
0.043
6.692
10.106
0.037
6.275
10.17
0.053
6.444
0.039
10.161
0.037
6.247
10.125
0.037
6.47
10.162
0.033
6.264
10.187
0.043
10.168
0.042
10.178
0.046
2.295
10.116
0.038
6.773
0.036
10.169
0.038
6.376
10.182
0.043
6.218
10.162
0.044
6.648
10.195
0.049
6.079
0.04
10.126
0.039
10.158
0.043
10.205
0.044
12.847
0.052
6.22
0.046
10.087
0.037
6.409
10.165
0.044
6.826
10.175
0.046
5.945
0.039
10.152
0.043
6.392
10.18
0.037
10.182
0.039
10.086
0.038
2.503
10.226
0.073
10.197
0.038
10.161
0.038
12.765
0.039
6.45
0.046
10.155
0.038
6.253
10.176
0.033
6.665
10.073
0.042
6.173
0.036
10.168
0.033
6.381
10.158
0.043
10.181
0.037
10.186
0.038
12.973
0.044 
6.276
0.041
10.162
0.039
6.116
10.192
0.032
6.344
0.032
10.153
0.032
6.414
10.154
0.044
6.532
10.15
0.053
10.17
0.053
10.137
0.051
2.451
10.176
0.036
6.511
10.154
0.039
10.187
0.037
10.165
0.06
10.237
0.06
10.169
0.046
10.084
0.048
10.164
0.057
10.152
0.056
10.159
0.051
10.184
0.047
10.167
0.053
10.141
0.045
10.169
0.053
0.018
10.061
0.027
10.2
0.034
10.177
0.037
10.189
0.037
10.203
0.043
10.18
0.044
10.185
0.042
10.187
0.045
10.117
0.033
10.103
0.039
10.196
0.038
10.083
0.038
10.181
0.037
10.144
0.051
10.165
0.051
10.071
0.049
10.151
0.053
10.192
0.047
10.174
0.047
10.165
0.044
10.174
0.049
10.182
0.046
0.029
10.178
0.036
10.113
0.038
10.18
0.04
10.191
0.037
10.184
0.042
10.092
0.044
10.097
0.043
10.174
0.043
10.182
0.032
10.161
0.032
10.18
0.033
10.183
0.034
10.086
0.03
10.069
0.037
10.134
0.048
10.189
0.051
10.075
0.037
10.06
0.045
10.062
0.044
10.203
0.048
10.094
0.045
10.199
0.047
10.101
0.047
0.028
10.183
0.037
10.212
0.037
10.16
0.037
10.215
0.041
10.176
0.042
10.175
0.043
10.183
0.075
10.162
0.038
10.188
0.033
10.177
0.037
10.112
0.043
10.207
0.038
10.156
0.037
10.202
0.044
10.154
0.047
1.809
10.191
0.039
10.21
0.038
10.154
0.044
12.587
0.044
10.177
0.044
10.142
0.05
10.091
0.043
10.182
0.049
10.18
0.047
10.078
0.047
10.095
0.047
0.029
10.171
0.037
10.198
0.034
10.175
0.032
10.197
0.039
10.154
0.046
10.17
0.043
10.174
0.042
10.18
0.044
10.205
0.039
10.182
0.037
10.16
0.037
5.06
10.174
0.044
6.889
10.107
0.052
10.163
0.057
0.029
10.183
0.038
10.207
0.091
10.257
0.101
10.15
0.042
10.205
0.044
10.18
0.043
10.17
0.067
10.163
0.032
10.15
0.033
10.094
0.034
10.174
0.038
10.179
0.044
10.203
0.044
10.071
0.043
10.179
0.044
10.205
0.039
10.163
0.038
10.183
0.038
10.127
0.037
10.1
0.039
10.103
0.038
10.085
0.05
10.083
0.049
10.073
0.05
10.109
0.053
10.164
0.045
10.174
0.046
10.093
0.048
10.173
0.047
10.164
0.044
0.028
10.098
0.037
10.21
0.038
10.166
0.038
10.181
0.038
10.175
0.043
10.177
0.044
10.172
0.044
10.172
0.042
10.195
0.042
10.184
0.038
10.177
0.037
10.177
0.036
10.102
0.04
10.196
0.054
10.09
0.05
10.192
0.052
10.149
0.052
10.2
0.043
10.162
0.043
10.183
0.042
10.168
0.042
10.165
0.045
0.029
10.187
0.038
10.185
0.038
