6.216
0.035
10.147
0.079
0.06
0.06
10.15
0.069
0.072
10.137
0.041
0.025
0.025
10.156
0.046
0.023
10.161
0.039
0.023
0.023
10.195
0.032
0.031
10.14
0.039
0.02
0.019
10.183
0.03
0.025
10.143
0.031
0.023
10.174
0.04
0.024
0.023
10.147
0.031
0.022
10.155
0.04
0.023
0.022
10.177
0.032
0.023
10.081
0.032
0.023
10.173
0.043
0.023
0.023
10.171
0.031
0.024
10.139
0.04
0.028
10.188
0.04
0.024
0.023
10.148
0.031
0.023
10.151
0.04
0.023
0.022
10.167
0.03
0.024
10.093
0.031
0.023
10.103
0.044
0.023
0.023
10.198
0.034
0.023
0.023
10.169
0.031
0.023
10.153
0.042
0.023
10.089
0.04
0.026
0.023
10.081
0.033
0.023
10.158
0.035
0.021
0.02
10.169
0.031
0.028
10.149
0.031
0.023
10.188
0.042
0.023
0.024
10.171
0.032
0.023
10.164
0.037
0.019
0.019
10.179
0.032
0.024
10.229
0.032
0.024
10.109
0.078
0.034
0.025
10.199
0.032
0.023
10.162
0.047
0.023
10.145
0.039
0.023
0.022
10.198
0.033
0.023
0.022
10.171
0.031
0.023
10.162
0.04
0.029
10.08
0.04
0.023
0.023
10.089
0.031
0.023
10.063
0.038
0.023
0.023
10.173
0.033
0.023
10.169
0.033
0.023
10.156
0.039
0.023
0.03
10.147
0.027
0.02
10.15
0.04
0.022
0.023
10.167
0.036
0.023
10.166
0.031
0.023
10.138
0.037
0.023
0.023
10.181
0.033
0.023
10.163
0.04
0.023
10.069
0.039
0.024
0.024
10.162
0.032
0.023
10.161
0.04
0.023
0.023
10.167
0.03
0.024
10.162
0.047
0.024
10.096
0.042
0.023
0.023
10.184
0.033
0.023
0.023
10.165
0.031
0.023
10.158
0.038
0.029
10.115
0.037
0.022
0.023
10.164
0.033
0.023
10.158
0.039
0.023
0.023
10.108
0.032
0.023
10.177
0.032
0.024
10.097
0.04
0.023
0.023
10.197
0.032
0.023
10.158
0.039
0.023
0.024
10.171
0.038
0.023
10.111
0.032
0.023
10.176
0.04
0.023
0.023
10.174
0.033
0.023
10.188
0.044
0.03
10.163
0.04
0.023
0.024
10.145
0.031
0.023
10.188
0.041
0.024
0.023
10.147
0.032
0.023
10.176
0.042
0.023
0.023
10.166
0.031
0.023
10.082
0.033
0.02
0.019
10.201
0.029
0.02
10.158
0.047
0.023
10.157
0.038
0.024
0.023
10.172
0.034
0.025
10.14
0.04
0.023
0.023
10.198
0.033
0.028
10.166
0.031
0.023
10.139
0.04
0.02
0.019
10.198
0.03
0.02
10.159
0.038
0.02
0.019
10.082
0.029
0.019
10.217
0.033
0.02
10.149
0.036
0.019
0.02
10.161
0.06
0.051
10.08
0.039
0.029
10.152
0.039
0.023
0.023
10.164
0.042
0.023
0.023
10.09
0.031
0.025
10.158
0.038
0.023
10.148
0.038
0.023
0.023
10.184
0.034
0.024
10.159
0.04
0.024
0.023
10.169
0.031
0.023
10.161
0.047
0.023
10.085
0.043
0.023
0.022
10.167
0.042
0.024
10.173
0.04
0.023
0.023
10.104
0.036
0.023
10.16
0.032
0.023
10.162
0.038
0.02
0.02
10.177
0.031
0.023
10.166
0.042
0.025
10.196
0.044
0.024
0.023
10.083
0.032
0.023
10.071
0.043
0.023
0.023
10.203
0.033
0.023
10.079
0.046
0.024
10.066
0.039
0.023
0.023
10.126
0.032
0.023
10.172
0.042
0.023
0.023
10.094
0.039
0.028
10.067
0.041
0.023
0.023
10.142
0.031
0.023
10.155
0.041
0.023
0.022
10.17
0.033
0.023
10.178
0.032
0.023
10.173
0.041
0.023
0.023
10.18
0.032
0.023
10.192
0.044
0.025
0.024
10.17
0.037
0.023
10.097
0.029
0.019
10.19
0.037
0.02
0.02
10.173
0.028
0.02
10.153
0.039
0.023
10.147
0.039
0.023
0.023
10.118
0.034
0.023
10.161
0.042
0.023
0.023
10.096
0.03
0.023
10.071
0.035
0.019
10.063
0.027
0.028
0.015
10.156
0.035
0.014
10.094
0.042
0.022
0.015
10.07
0.024
0.018
10.162
0.032
0.023
10.159
0.039
0.024
0.024
10.089
0.034
0.023
10.175
0.044
0.023
0.028
10.147
0.032
0.022
10.154
0.039
0.022
0.023
10.173
0.032
0.024
10.15
0.044
0.024
0.023
10.205
0.032
0.023
10.192
0.053
0.031
6.842
0.03
0.02
10.174
0.03
0.02
10.076
0.04
0.02
10.172
0.037
0.02
0.02
10.169
0.03
0.021
10.153
0.043
0.017
0.017
10.164
0.033
0.018
4.645
10.128
0.037
0.028
0.015
10.138
0.039
0.023
10.18
0.041
0.023
0.023
10.147
0.032
0.023
9.165
0.039
0.022
10.16
0.039
0.023
0.024
10.152
0.032
0.023
10.152
0.04
0.023
0.023
10.17
0.039
0.03
10.144
0.031
0.023
10.104
0.045
0.019
0.02
10.171
0.028
0.019
10.158
0.043
0.022
0.022
10.074
0.027
0.02
10.176
0.029
0.02
10.19
0.036
0.019
0.02
10.171
0.028
0.02
10.134
0.054
0.047
10.134
0.045
0.02
0.02
10.2
0.025
0.018
10.157
0.042
0.071
0.025
10.148
0.043
0.028
10.079
0.041
0.023
0.023
10.167
0.031
0.023
10.159
0.039
0.024
0.023
10.17
0.031
0.023
10.123
0.033
0.022
10.154 
0.038
0.023
0.023
10.146
0.031
0.022
10.164
0.036
0.02
0.02
10.156
0.077
0.052
10.213
0.069
0.062
10.233
0.038
0.024
0.023
10.131
0.032
0.023
10.11
0.037
0.019
10.158
0.041
0.02
0.019
10.193
0.031
0.023
10.164
0.042
0.023
0.023
10.172
0.042
0.023
0.023
10.171
0.03
0.023
10.171
0.031
0.024
10.163
0.04
0.024
0.023
10.095
0.033
0.023
10.17
0.039
0.028
10.168
0.039
0.023
0.023
10.198
0.032
0.024
10.086
0.042
0.024
0.022
10.197
0.031
0.023
10.177
0.032
0.023
10.188
0.041
0.023
0.023
10.173
0.035
0.023
10.19
0.041
0.024
0.023
10.079
0.041
0.025
10.184
0.033
0.023
10.163
0.041
0.023
0.023
10.081
0.04
0.022
0.023
10.077
0.031
0.028
10.07
0.032
0.027
10.173
0.033
0.024
0.023
10.187
0.031
0.025
10.151
0.038
0.022
10.145
0.041
0.023
0.023
10.16
0.032
0.023
10.157
0.039
0.024
0.023
10.117
0.032
0.022
10.158
0.044
0.023
10.14
0.038
0.023
0.022
10.077
0.035
0.024
10.087
0.043
0.023
0.023
10.198
0.033
0.029
10.167
0.031
0.024
10.067
0.041
0.026
0.025
10.15
0.033
0.023
10.171
0.042
0.023
0.023
10.173
0.031
0.024
10.147
0.031
0.023
10.19
0.04
0.024
0.022
10.169
0.032
0.023
10.164
0.044
0.031
0.022
10.183
0.033
0.023
10.161
0.04
0.023
0.023
10.117
0.038
0.025
10.16
0.04
0.023
10.169
0.044
0.023
0.023
10.198
0.032
0.023
10.157
0.039
0.023
0.024
10.093
0.034
0.023
10.157
0.045
0.024
10.19
0.041
0.023
0.024
10.167
0.031
0.023
10.159
0.038
0.023
0.024
10.174
0.034
0.028
10.17
0.032
0.023
10.162
0.042
0.023
0.023
10.175
0.034
0.024
10.184
0.042
0.025
0.025
10.158
0.033
0.023
10.149
0.046
0.023
0.023
10.087
0.037
0.028
10.062
0.039
0.024
0.022
10.172
0.031
0.023
10.147
0.032
0.023
10.152
0.038
0.023
0.022
10.146
0.032
0.023
10.143
0.039
0.029
10.185
0.043
0.024
0.024
10.167
0.032
0.036
10.134
0.04
0.023
0.023
10.095
0.033
0.023
10.092
0.031
0.023
10.169
0.039
0.024
0.023
10.173
0.034
0.023
10.156
0.039
0.023
0.023
10.169
0.039
0.023
10.166
0.031
0.024
10.081
0.036
0.023
0.023
10.076
0.025
0.018
10.089
0.034
0.023
10.16
0.042
0.025
0.023
10.149
0.033
0.023
10.085
0.039
0.02
0.02
10.169
0.03
0.02
10.184
0.047
0.024
0.023
10.175
0.042
0.024
10.084
0.042
0.023
0.023
10.172
0.034
0.023
10.172
0.043
0.029
10.165
0.043
0.023
0.031
10.091
0.064
0.055
10.219
0.079
0.06
0.061
10.194
0.034
0.024
10.191
0.034
0.023
10.116
0.043
0.025
0.024
10.168
0.032
0.023
10.157
0.039
0.023
0.024
10.176
0.031
0.023
10.176
0.034
0.023
0.023
10.166
0.031
0.023
10.171
0.041
0.024
0.025
10.082
0.038
0.023
10.181
0.032
0.023
10.138
0.037
0.023
0.023
10.102
0.029
0.02
10.139
0.042
0.02
10.081
0.043
0.023
0.023
10.108
0.033
0.023
10.141
0.04
0.023
0.023
10.199
0.034
0.023
10.159
0.045
0.024
10.162
0.043
0.023
0.023
10.156
0.031
0.023
10.063
0.04
0.024
0.022
10.167
0.031
0.028
10.174
0.034
0.024
10.078
0.045
0.025
0.025
10.171
0.034
0.024
10.16
0.04
0.023
0.023
10.173
0.031
0.023
10.089
0.033
0.023
10.153
0.039
0.023
0.023
10.175
0.034
0.023
0.023
10.074
0.04
0.024
10.069
0.032
0.023
10.166
0.038
0.02
0.02
10.167
0.028
0.02
10.161
0.042
0.023
10.158
0.039
0.023
0.023
10.09
0.034
0.023
10.188
0.042
0.023
0.023
10.17
0.031
0.024
10.171
0.045
0.023
10.089
0.045
0.025
0.023
10.198
0.034
0.023
10.062
0.032
0.02
0.019
10.077
0.025
0.015
10.136
0.032
0.026
10.143
0.041
0.023
0.023
10.166
0.032
0.023
10.159
0.04
0.024
10.082
0.046
0.024
0.025
10.198
0.033
0.023
10.164
0.041
0.024
0.025
10.076
0.032
0.023
10.188
0.049
0.023
10.08
0.04
0.029
0.028
10.123
0.036
0.024
10.193
0.043
0.023
0.024
10.064
0.039
0.029
10.121
0.04
0.022
0.023
10.074
0.032
0.022
10.108
0.043
0.02
0.019
10.066
0.029
0.019
10.183
0.032
0.023
10.084
0.04
0.023
0.023
10.197
0.034
0.023
10.156
0.039
0.023
0.023
10.166
0.037
0.024
10.148
0.032
0.023
10.096
0.04
0.023
0.023
10.169
0.032
0.023
10.081
0.042
0.024
10.089
0.041
0.024
0.023
10.163
0.043
0.024
10.086
0.043
0.025
0.023
10.183
0.033
0.023
10.08
0.045
0.023
10.158
0.04
0.023
0.024
10.176
0.034
0.023
10.179
0.04
0.023
0.024
10.17
0.037
0.023
10.192
0.036
0.024
10.173
0.041
0.023
0.023
10.162
0.04
0.024
0.022
10.158
0.031
0.028
10.167
0.031
0.024
10.157
0.039
0.024
0.023
10.166
0.032
0.023
10.16
0.039
0.024
0.023
10.171
0.031 
0.023
10.174
0.037
0.023
10.093
0.04
0.023
0.023
10.16
0.032
0.022
10.16
0.041
0.029
10.159
0.04
0.023
0.023
10.162
0.033
0.023
10.173
0.044
0.024
0.023
10.164
0.069
0.06
10.19
0.07
0.059
0.06
10.169
0.032
0.023
10.146
0.042
0.02
0.019
10.198
0.027
0.02
10.103
0.038
0.019
10.148
0.035
0.019
0.019
10.17
0.028
0.02
10.142
0.051
0.023
0.022
10.178
0.032
0.029
10.163
0.036
0.023
10.149
0.041
0.023
0.022
10.182
0.031
0.024
10.161
0.039
0.024
0.023
10.117
0.033
0.023
10.072
0.033
0.022
10.081
0.038
0.024
0.023
10.181
0.033
0.023
10.138
0.039
0.029
10.102
0.04
0.023
0.023
10.184
0.034
0.023
10.16
0.039
0.026
0.023
10.161
0.033
0.028
10.173
0.038
0.02
0.02
10.186
0.031
0.02
10.16
0.037
0.021
0.02
10.087
0.042
0.02
10.179
0.029
0.02
10.172
0.037
0.018
0.018
10.105
0.036
0.017
10.149
0.042
0.017
0.018
10.144
0.038
0.021
10.189
0.034
0.015
10.134
0.039
0.026
0.015
10.17
0.035
0.015
10.152
0.041
0.022
10.058
0.061
0.014
0.04
10.174
0.033
0.014
10.132
0.042
0.023
0.022
10.2
0.024
0.014
10.148
0.046
0.014
10.09
0.042
0.023
0.022
10.103
0.031
0.014
10.131
0.042
0.025
0.014
10.173
0.034
0.018
10.132
0.032
0.026
10.145
0.047
0.015
0.015
10.152
0.041
0.022
0.015
10.121
0.032
0.015
10.079
0.028
0.019
10.112
0.042
0.023
0.023
10.146
0.033
0.022
10.12
0.04
0.024
0.015
10.083
0.038
0.022
10.174
0.037
0.015
10.177
0.043
0.015
0.015
10.118
0.035
0.014
10.045
0.03
0.015
10.095
0.033
0.026
0.014
10.167
0.037
0.015
10.082
0.041
0.024
0.023
10.146
0.033
0.022
10.204
0.033
0.023
10.158
0.039
0.023
0.023
10.166
0.031
0.023
10.102
0.046
0.021
0.02
10.079
0.037
0.022
10.157
0.031
0.023
10.163
0.043
0.025
0.023
10.158
0.031
0.023
10.16
0.043
0.023
10.166
0.04
0.023
0.023
10.173
0.033
0.023
10.17
0.039
0.023
0.023
10.157
0.039
0.023
0.023
10.079
0.033
0.022
10.181
0.033
0.023
10.163
0.044
0.024
0.029
10.071
0.032
0.023
10.157
0.038
0.029
10.156
0.039
0.023
0.023
10.149
0.033
0.022
10.158
0.039
0.024
0.023
10.173
0.033
0.023
10.183
0.032
0.023
10.151
0.039
0.023
0.023
10.086
0.032
0.023
10.084
0.036
0.02
0.02
10.193
0.031
0.017
10.147
0.034
0.017
10.152
0.038
0.024
0.023
10.168
0.032
0.023
10.163
0.042
0.024
10.192
0.04
0.023
0.023
10.147
0.032
0.023
10.077
0.038
0.024
0.023
10.074
0.033
0.025
10.122
0.035
0.023
10.147
0.078
0.061
0.06
10.196
0.074
0.061
0.06
10.171
0.033
0.023
10.187
0.048
0.023
10.16
0.039
0.024
0.023
10.167
0.031
0.024
10.141
0.041
0.023
0.023
10.082
0.036
0.03
10.081
0.033
0.024
10.156
0.04
0.023
0.023
10.162
0.027
0.02
10.158
0.036
0.02
0.02
10.179
0.03
0.02
10.166
0.033
0.023
10.152
0.039
0.023
0.023
10.175
0.036
0.023
10.186
0.042
0.029
0.023
10.173
0.035
0.023
10.092
0.041
0.026
0.025
10.163
0.032
0.023
10.163
0.042
0.024
10.088
0.041
0.024
0.023
10.183
0.034
0.023
10.159
0.039
0.023
0.024
10.172
0.032
0.023
10.157
0.044
0.023
10.144
0.04
0.023
0.024
10.073
0.033
0.022
10.078
0.04
0.023
0.023
10.181
0.033
0.028
10.149
0.033
0.023
10.152
0.039
0.023
0.023
10.173
0.033
0.023
10.169
0.04
0.023
0.023
10.175
0.033
0.023
10.15
0.033
0.022
10.186
0.042
0.023
0.023
10.065
0.036
0.023
0.023
10.164
0.033
0.023
10.181
0.033
0.023
10.162
0.041
0.023
0.023
10.088
0.031
0.023
10.161
0.041
0.029
10.164
0.044
0.023
0.023
10.074
0.032
0.024
10.073
0.031
0.019
0.017
10.05
0.023
0.014
10.181
0.035
0.015
10.147
0.041
0.023
0.023
10.151
0.033
0.022
10.174
0.044
0.026
0.023
10.171
0.045
0.027
10.18
0.032
0.023
10.193
0.036
0.02
0.02
10.173
0.038
0.024
10.191
0.043
0.023
10.121
0.04
0.024
0.023
10.084
0.035
0.023
10.069
0.038
0.023
0.023
10.151
0.036
0.023
10.16
0.046
0.023
10.162
0.039
0.023
0.023
10.08
0.038
0.023
0.023
10.108
0.031
0.023
10.163
0.046
0.03
10.187
0.04
0.024
0.023
10.168
0.031
0.024
10.165
0.042
0.024
0.023
10.199
0.032
0.024
10.162
0.033
0.023
10.189
0.042
0.024
0.024
10.165
0.031
0.024
10.156
0.039
0.024
0.023
10.176
0.033
0.025
10.149
0.032
0.023
10.181
0.035
0.02
0.019
10.168
0.028
0.02
10.073
0.04
0.025
10.15
0.049
0.02
0.02
10.173
0.028
0.02
10.153
0.04
0.023
0.023
10.174
0.043
0.023
10.151
0.041
0.023
0.022
10.168
0.033
0.023
10.067
0.041
0.024
0.023
10.109
0.033
0.023
10.158
0.047
0.023
10.066 
0.039
0.024
0.023
10.164
0.033
0.022
10.107
0.042
0.024
0.023
10.18
0.031
0.029
10.18
0.033
0.023
10.155
0.042
0.024
0.023
10.167
0.032
0.023
10.158
0.039
0.023
0.023
10.092
0.033
0.023
10.166
0.029
0.019
10.138
0.067
0.052
0.051
10.207
0.062
0.052
10.214
0.035
0.025
0.019
10.166
0.034
0.023
10.163
0.041
0.024
0.029
10.153
0.033
0.023
10.081
0.042
0.023
10.146
0.039
0.023
0.023
10.188
0.034
0.023
10.115
0.04
0.023
0.024
10.145
0.036
0.025
10.138
0.045
0.023
10.187
0.042
0.023
0.023
10.166
0.031
0.023
10.163
0.042
0.024
0.023
10.197
0.039
0.023
10.173
0.033
0.023
10.079
0.038
0.023
0.023
10.165
0.032
0.023
10.142
0.041
0.023
10.17
0.043
0.024
0.023
10.189
0.03
0.021
10.058
0.038
0.021
0.021
10.064
0.027
0.021
10.156
0.042
0.02
10.155
0.035
0.02
0.02
10.153
0.041
0.02
0.02
10.143
0.032
0.023
10.171
0.042
0.03
10.16
0.042
0.024
0.023
10.188
0.035
0.023
10.16
0.042
0.024
0.023
10.148
0.033
0.022
10.203
0.033
0.023
10.14
0.041
0.023
0.035
10.192
0.035
0.023
10.159
0.041
0.023
0.023
