97.848
101.907
100.086
100.078
100.668
105.421
101.614
91.509
101.336
101.644
101.639
101.99
101.626
91.496
101.143
101.638
101.633
101.698
101.467
100.808
101.057
91.602
101.77
101.675
101.742
101.611
101.375
91.526
101.635
101.595
101.673
101.073
101.287
91.454
101.784
101.821
101.889
101.774
101.745
91.376
101.696
101.786
101.804
101.862
101.687
91.62
101.517
101.039
101.064
101.344
101.754
101.944
91.426
101.8
101.733
101.691
101.813
91.592
101.648
101.577
101.589
101.916
101.785
101.378
90.938
101.623
101.55
101.737
101.838
101.32
101.301
91.446
101.332
101.057
101.597
101.717
101.758
91.654
101.693
101.669
101.393
101.719
101.705
101.544
91.73
101.702
101.351
101.743
101.367
91.527
101.554
102.017
101.716
101.568
101.807
101.772
91.681
101.699
101.73
101.487
101.736
91.862
101.535
101.385
101.024
101.558
101.398
101.685
91.723
101.783
101.758
101.98
101.634
101.434
91.462
101.743
101.599
101.687
101.809
101.503
90.961
101.164
101.188
101.608
101.855
101.919
101.307
91.545
101.872
101.896
101.818
102.033
91.72
101.733
101.073
101.806
101.25
101.062
101.007
91.027
101.067
101.505
101.605
101.698
101.787
101.668
101.306
91.568
101.764
101.785
101.797
101.98
91.625
101.724
101.769
101.587
101.048
100.948
101.403
91.576
101.854
101.882
101.848
101.776
101.621
91.709
101.562
101.405
101.84
101.707
91.466
101.653
101.517
101.097
101.123
101.783
101.584
101.667
91.529
101.844
101.644
102.036
101.752
91.587
101.698
101.719
101.671
101.63
101.729
101.385
91.62
101.862
101.562
101.731
101.678
91.648
101.798
101.873
101.624
101.757
101.608
91.687
101.643
101.041
101.472
101.142
101.073
101.121
101.51
91.301
101.351
101.797
101.581
101.721
101.56
91.593
101.8
101.757
101.333
101.694
101.443
91.596
101.887
101.635
101.348
101.088
101.34
101.706
91.531
101.761
101.648
101.873
101.512
101.563
91.705
101.546
101.83
101.89
100.943
100.991
100.931
90.715
100.625
100.794
100.698
100.925
101.159
100.83
101.877
101.516
101.207
91.765
101.897
101.734
101.824
101.756
91.48
101.749
101.888
101.709
101.721
101.933
91.569
101.175
101.272
99.71
99.478
99.564
103.257
95.824
99.764
99.551
101.727
101.74
101.878
101.531
101.745
91.567
101.77
101.777
101.679
101.788
