56.892
50.361
50.388
40.306
58.371
50.33
49.843
49.549
49.887
47.047
50.596
50.939
50.525
50.298
50.861
50.934
50.786
50.782
40.701
50.933
50.905
50.795
50.786
50.874
50.952
50.75
51.191
50.699
50.898
40.627
50.82
50.972
50.75
50.855
50.931
50.752
50.745
50.535
50.582
50.546
50.424
50.497
50.495
40.463
50.537
50.427
50.46
50.322
50.345
50.357
50.359
50.453
50.92
50.855
50.638
50.839
50.834
50.939
50.931
50.826
40.776
50.772
50.864
50.692
50.574
50.546
51.02
50.963
50.883
50.952
50.799
40.646
50.992
50.869
50.893
50.553
50.924
50.903
50.888
50.891
50.786
50.791
50.84
50.711
40.661
50.794
51.043
50.76
50.772
50.856
50.88
50.862
50.857
50.919
50.803
40.756
50.585
50.588
50.51
50.507
50.522
50.462
50.907
50.957
50.958
50.988
51.077
50.877
50.709
40.702
50.811
50.4
50.363
50.37
50.485
50.541
50.44
50.74
50.839
50.801
50.852
50.902
50.845
50.86
40.775
50.888
51.026
50.907
50.823
50.754
50.866
50.977
50.648
50.896
50.828
40.743
50.958
50.507
50.572
50.528
50.482
50.512
50.474
50.547
50.502
50.537
50.941
50.932
50.775
50.784
50.846
40.757
50.883
50.918
50.883
50.63
50.917
50.899
50.951
50.917
50.875
50.871
40.769
50.939
50.803
50.882
51.018
50.851
50.737
50.921
50.953
50.728
50.65
40.794
60.592
40.524
50.798
50.942
50.872
50.841
50.838
50.848
50.903
50.871
50.825
50.882
40.943
50.94
50.835
50.852
50.898
50.759
50.913
50.845
50.835
50.714
50.736
40.825
50.843
50.939
50.925
50.781
50.755
50.9
50.919
50.832
51.007
50.867
50.818
50.867
40.657
50.924
50.738
50.696
50.879
50.902
50.918
50.89
50.871
50.759
50.644
50.514
50.86
40.827
50.802
50.823
51.085
51.057
50.852
50.924
50.558
50.497
50.647
50.924
40.639
50.674
50.963
50.849
50.743
50.904
50.891
50.955
50.81
50.922
50.747
50.741
40.913
50.879
50.902
50.928
50.92
50.922
50.817
50.768
50.861
50.945
50.756
40.721
50.885
50.848
50.917
50.503
50.531
50.478
50.521
50.955
51.106
50.951
50.847
50.822
40.743
50.983
50.852
50.892
50.947
50.553
50.787
50.906
50.975
50.801
50.719
50.902
50.887
40.694
50.93
50.885
51.052
50.947
50.852
50.878
50.962
50.803
50.47
50.546
40.422
50.872
50.849
50.876
50.88
50.918
50.945
50.873
50.803
50.975
50.881
50.644
50.968
40.85
50.635
50.836
50.856
50.922
50.844
50.864
50.838
50.842
50.807
50.475
50.421
50.92
40.659
50.945
50.72
50.805
50.515
50.518
51.041
50.831
50.971
50.818
40.726
50.928
50.835
50.772
50.844
50.896
50.969
50.952
50.755
50.865
50.854
50.835
50.856
40.788
50.833
50.906
51.06
50.931
50.892
50.96
50.971
50.745
50.539
50.931
40.789
50.615
50.907
51.001
50.873
50.869
50.927
50.798
50.947
50.78
50.781
40.722
50.986
50.908
50.885
50.895
50.907
50.932
50.874
50.827
50.607
50.842
50.795
50.746
40.69
50.93
50.853
50.75
50.512
50.516
50.842
50.938
51.135
50.863
50.868
50.82
50.796
40.667
50.958
50.947
50.983
50.748
50.977
50.884
50.873
50.882
50.922
50.897
40.816
50.731
50.932
50.908
51.153
50.834
50.651
50.542
50.823
50.828
50.739
40.587
50.748
50.936
50.782
50.877
50.872
50.934
50.925
50.962
50.764
50.873
50.884
50.774
40.961
50.932
50.827
50.952
50.842
50.954
50.879
50.861
50.72
50.63
50.711
40.417
50.47
50.588
50.711
50.516
50.509
50.431
50.524
50.844
50.902
50.722
50.874
50.827
50.922
40.829
50.965
50.803
50.782
50.816
50.922
50.861
50.975
50.904
50.761
50.96
50.76
50.826
40.729
50.751
50.959
50.739
50.758
50.559
50.908
50.652
50.742
50.795
50.755
50.517
50.875
40.688
50.93
50.926
50.831
50.922
50.743
50.893
50.943
50.95
51.016
50.756
40.58
50.917
50.848
50.91
50.947
50.915
50.857
50.668
50.806
50.862
50.813
50.888
50.607
40.856
50.797
50.857
50.912
50.937
51.12
50.815
50.624
50.72
50.933
50.971
40.771
50.847
50.72
50.608
50.803
50.869
50.864
50.953
50.736
50.419
50.731
50.837
40.687
50.854
50.99
50.95
50.973
50.734
50.614
50.505
50.819
50.816
50.822
50.694
50.5
40.454
60.555
40.744
50.887
50.852
50.981
50.819
50.819
50.934
51.029
50.858
50.917
50.833
40.79
51.006
50.874
50.745
50.959
50.718
50.911
50.97
50.745
50.819
50.887
40.684
50.82
50.889
50.95
50.568
50.953
50.652
50.345
50.346
50.741
50.774
50.75
50.926
50.717
47.423
43.524
49.882
49.745
50.733
50.868
47.768
56.148
49.73
49.984
47.029
52.402
49.656
50.909 
48.897
49.677
50.122
46.969
50.886
50.8
50.709
50.812
50.967
50.865
