5.887
10.125
0.057
10.063
0.041
10.073
0.035
10.081
0.05
10.166
0.045
10.157
0.043
10.167
0.043
10.092
0.04
10.197
0.043
0.027
10.18
0.036
10.174
0.034
10.105
0.035
10.206
0.037
10.169
0.039
10.163
0.039
10.091
0.04
10.199
0.041
10.175
0.035
10.174
0.034
10.158
0.035
10.102
0.034
10.205
0.036
10.16
0.047
10.094
0.049
10.079
0.046
10.16
0.047
10.161
0.042
10.095
0.044
10.127
0.043
10.089
0.042
10.164
0.038
0.024
10.078
0.03
10.205
0.031
10.176
0.035
10.112
0.034
10.076
0.042
10.097
0.041
10.077
0.028
10.074
0.027
10.058
0.024
10.081
0.024
10.077
0.023
10.074
0.023
10.197
0.036
10.109
0.042
10.199
0.038
10.092
0.041
10.178
0.04
10.2
0.035
10.172
0.089
10.177
0.087
10.154
0.035
10.189
0.035
10.063
0.047
10.081
0.039
10.071
0.033
10.068
0.034
10.065
0.027
10.071
0.03
10.073
0.03
10.064
0.026
10.062
0.026
10.068
0.03
0.017
10.073
0.022
10.07
0.021
10.072
0.022
10.073
0.022
10.074
10.093
0.042
10.169
0.045
0.033
10.201
0.04
10.103
0.035
10.099
0.036
10.175
0.034
10.178
0.034
10.141
0.037
10.17
0.04
10.185
0.041
10.099
0.041
10.199
0.041
10.163
0.034
10.18
0.034
10.096
0.03
10.068
0.028
10.074
0.024
10.06
0.033
10.064
0.032
10.047
0.033
10.046
0.032
10.047
0.028
10.094
0.041
10.16
0.042
10.167
0.043
10.096
0.042
0.027
10.207
0.036
10.114
0.035
10.188
0.035
10.185
0.034
10.169
0.04
10.17
0.039
10.091
0.039
10.085
0.034
10.055
0.024
10.094
0.034
10.173
0.038
10.072
0.035
10.165
0.075
10.186
0.04
10.184
0.041
10.098
0.036
10.071
0.04
10.187
0.036
10.176
0.034
10.099
0.034
10.203
0.036
10.181
0.036
10.188
0.057
10.098
0.047
10.092
0.047
10.177
0.05
10.16
0.042
10.092
0.04
10.196
0.044
10.098
0.043
10.169
0.043
10.125
0.044
0.027
10.192
0.035
10.18
0.035
10.118
0.035
10.126
0.035
10.117
0.04
10.163
0.04
10.068
0.04
10.061
0.031
10.056
0.024
10.078
0.023
10.059
0.025
10.065
0.024
10.054
0.023
10.057
0.027
10.079
0.028
10.062
0.028
10.116
0.027
10.045
0.02
10.057
0.019
10.063
0.021
10.053
0.024
10.034
0.057
10.068
0.076
10.083
0.034
10.064
0.032
10.075
0.031
10.046
0.029
10.061
0.029
10.069
0.03
10.048
0.029
10.067
0.03
10.046
0.034
10.15
0.055
10.148
0.047
0.027
10.112
0.03
10.201
0.036
10.177
0.035
10.179
0.036
10.168
0.04
10.108
0.035
10.207
0.035
10.142
0.034
10.178
0.037
10.177
0.034
10.096
0.034
10.199
0.035
10.076
0.04
10.173
0.043
10.113
0.035
10.176
0.035
10.105
0.034
10.084
0.034
10.207
0.035
10.161
0.048
10.078
0.038
10.058
0.024
10.043
0.031
10.058
0.025
10.076
0.041
10.18
0.047
10.17
0.044
10.129
0.045
10.1
0.044
0.023
10.166
0.03
10.175
0.034
10.187
0.034
10.18
0.035
10.104
0.041
10.2
0.041
10.171
0.04
10.105
0.04
10.112
0.034
10.178
0.034
10.111
0.035
10.18
0.035
10.131
0.035
10.17
0.04
10.17
0.04
10.075
0.041
10.164
0.036
10.172
0.035
10.204
0.035
10.094
0.042
10.138
0.036
10.168
0.042
0.027
10.098
0.036
10.103
0.035
10.206
0.035
10.102
0.034
10.097
0.04
10.143
0.04
10.176
0.04
10.198
0.04
10.172
0.034
10.207
0.035
10.092
0.035
10.178
0.035
10.102
0.037
10.117
0.047
10.171
0.04
10.185
0.043
10.092
0.035
10.113
0.038
10.101
0.033
10.208
0.036
10.159
0.035
10.192
0.035
10.161
0.048
10.161
0.048
10.092
0.049
10.176
0.051
10.161
0.042
10.074
0.066
10.172
0.043
10.096
0.043
10.17
0.046
0.027
10.188
0.035
10.179
0.035
10.177
0.035
10.182
0.035
10.205
0.108
10.15
0.117
10.174
0.044
10.188
0.041
10.104
0.037
10.079
0.025
10.093
0.024
10.069
0.021
10.065
0.021
10.076
0.022
10.037
0.027
10.062
0.032
10.069
0.025
10.07
0.027
10.079
0.022
10.067
0.022
10.065
0.02
10.078
0.023
10.073
0.024
10.068
0.035
10.053
0.037
10.064
0.034
10.051
0.037
10.049
0.031
10.095
0.029
10.064
0.03
10.049
0.028
10.066
0.026
0.017
10.053
0.024
10.055
0.025
10.056
0.024
10.074
0.024
10.07
0.028
10.07
0.028
10.052
0.027
10.052
10.055
0.029
0.018
10.058
0.023
10.055
0.023
10.085
0.024
10.07
0.024
10.11
0.039
10.093
0.04
10.169
0.04
10.116
0.041
10.172
0.034
10.175
0.034
10.175
0.034
10.078
0.034
10.175
0.034
10.098
0.041
10.076
0.042
10.082
0.033
10.069
0.027
10.168
0.039
10.097
0.034
10.094
0.036
10.184
0.036
10.094
0.036
10.16
0.047
10.106
0.047
10.105
0.048
10.171
0.057
10.171
0.041
0.033
10.163
0.04
10.173
0.04
10.167 
0.04
10.096
0.04
10.111
0.034
10.183
0.035
10.185
0.035
10.173
0.035
10.114
0.034
10.096
0.04
10.066
0.035
10.201
0.036
10.077
0.028
10.075
0.035
10.186
0.034
10.121
0.035
10.177
0.035
10.102
0.035
10.166
0.051
10.172
0.048
10.102
0.047
10.085
0.049
10.172
0.043
10.133
0.041
10.173
0.045
10.199
0.045
10.172
0.042
0.028
10.182
0.035
10.115
0.034
10.172
0.035
10.177
0.035
10.176
0.04
10.119
0.04
10.104
0.041
10.188
0.108
10.132
0.088
10.229
0.042
10.193
0.036
10.096
0.036
10.102
0.035
10.176
0.051
10.165
0.049
10.172
0.049
10.174
0.049
10.168
0.045
10.165
0.043
10.196
0.045
10.095
0.042
10.109
0.042
0.027
10.104
0.034
10.189
0.035
10.114
0.035
10.204
0.034
10.168
0.04
10.163
0.039
10.17
0.04
10.102
0.04
10.179
0.035
10.187
0.034
10.125
0.035
10.182
0.035
10.175
0.035
10.183
0.041
10.173
0.041
10.094
0.04
10.098
0.041
10.201
0.04
10.109
0.035
10.186
0.035
10.106
0.041
10.178
0.036
10.198
0.042
0.027
10.102
0.035
10.187
0.035
10.204
0.035
10.179
0.036
10.088
0.042
10.2
0.04
10.175
0.039
10.201
0.041
10.171
0.035
10.176
0.035
10.107
0.037
10.156
0.034
10.108
0.037
10.13
0.041
10.075
0.039
10.174
0.041
10.1
0.041
10.183
0.035
10.072
0.036
10.176
0.035
10.181
0.035
10.188
0.036
10.1
0.048
10.091
0.05
10.16
0.048
10.086
0.047
10.104
0.042
10.172
0.045
10.177
0.043
10.195
0.044
10.168
0.043
0.027
10.114
0.035
10.186
0.035
10.176
0.034
10.204
0.036
10.169
0.04
10.17
0.04
10.17
0.039
10.079
0.041
10.116
0.035
10.185
0.035
10.173
0.035
10.116
0.035
10.176
0.034
10.158
0.047
10.16
0.046
10.165
0.049
10.105
0.055
10.163
0.043
10.196
0.045
10.172
0.045
10.096
0.041
10.196
0.045
0.027
10.175
0.034
10.107
0.034
10.119
0.035
10.176
0.034
10.174
0.034
10.152
0.04
10.167
0.04
10.177
0.108
10.158
0.112
10.133
0.035
10.124
0.035
10.076
0.034
10.085
0.027
10.069
0.022
10.073
0.027
10.061
0.025
10.065
0.026
10.072
0.026
10.059
0.021
10.061
0.021
10.07
0.022
10.07
0.023
10.062
0.021
10.054
0.028
10.06
0.031
10.163
0.052
10.162
0.05
10.161
0.043
10.11
0.041
10.174
0.045
10.167
0.043
10.165
0.042
0.027
10.112
0.034
10.181
0.035
10.207
0.035
10.174
0.034
10.097
0.04
10.182
0.039
10.18
0.04
10.179
0.039
10.111
0.034
10.176
0.034
10.105
0.034
10.204
0.035
10.176
0.034
10.09
0.05
10.189
0.047
10.16
0.046
10.093
0.049
10.173
0.042
10.177
0.042
10.166
0.042
10.198
0.045
10.098
0.043
0.028
10.186
0.035
10.128
0.036
10.124
0.035
10.191
0.036
10.17
0.039
10.081
0.034
10.078
0.028
10.149
0.042
10.073
0.035
10.184
0.036
10.113
0.033
10.106
0.034
10.196
0.035
10.102
0.034
10.174
0.041
10.169
0.04
10.168
0.04
10.07
0.04
10.172
0.034
10.134
0.036
10.185
0.035
10.113
0.034
10.114
0.035
10.173
0.049
10.176
0.048
10.101
0.046
10.165
0.05
10.109
0.044
10.167
0.043
10.118
0.043
10.092
0.043
10.093
0.042
0.027
10.185
0.034
10.105
0.035
10.183
0.035
10.186
0.034
10.18
0.04
10.095
0.042
10.118
0.04
10.169
0.04
10.178
0.036
10.189
0.034
10.106
0.035
10.184
0.034
10.185
0.035
10.191
0.05
10.076
0.054
10.176
0.051
10.165
0.048
10.174
0.043
10.095
0.046
10.156
0.095
10.24
0.096
10.258
0.043
0.027
10.098
0.034
10.187
0.034
10.204
0.035
10.178
0.034
10.102
0.041
10.169
0.039
10.1
0.042
10.108
0.041
10.18
0.035
10.187
0.035
10.104
0.036
10.185
0.034
10.119
0.034
10.166
0.049
10.127
0.048
10.098
0.049
10.1
0.049
10.172
0.043
10.104
0.042
10.17
0.045
10.158
0.042
10.165
0.042
10.095
0.06
0.027
10.122
0.036
10.132
0.034
10.177
0.034
10.088
0.035
10.172
0.04
10.169
0.039
10.178
0.041
10.109
0.04
10.094
0.035
10.207
0.035
10.175
0.034
10.15
0.035
10.162
0.034
10.173
0.04
10.18
0.04
10.113
0.041
10.179
0.048
10.181
0.035
10.103
0.037
10.192
0.035
10.119
0.035
10.174
0.035
10.19
0.05
10.162
0.048
0.027
10.175
0.034
10.183
0.035
10.161
0.04
10.178
0.04
10.182
0.041
10.122
0.041
10.176
0.035
10.141
0.035
10.186
0.035
10.204
0.035
10.098
0.035
10.084
0.04
10.156
0.041
10.173
0.039
10.108
0.04
10.095
0.035
10.174
0.034
10.175
0.035
10.107
0.035
10.187
0.034
10.16
0.048
10.159
0.048
10.104
0.049
10.116
0.051
10.09
0.042
10.084
0.035
10.106
0.041
10.096
0.044
10.072
0.043
0.027
10.185
0.034
10.206
0.035
10.178
0.035
10.099
0.035
10.176
0.04
10.078
0.041 
10.204
0.041
10.177
0.041
