0.049
6.141
0.034
10.085
0.04
0.023
0.023
10.199
0.031
0.026
0.022
10.166
0.031
0.023
10.099
0.031
0.023
10.156
0.041
0.022
0.022
10.173
0.031
0.023
10.167
0.038
0.023
0.022
10.196
0.037
0.022
10.089
0.032
0.024
10.169
0.038
0.022
0.021
10.168
0.03
0.021
10.16
0.036
0.022
10.188
0.036
0.022
0.022
10.094
0.029
0.022
10.167
0.037
0.021
0.022
10.193
0.029
0.022
10.146
0.042
0.023
10.162
0.039
0.021
0.022
10.111
0.029
0.022
10.159
0.036
0.021
0.022
10.105
0.029
0.027
10.099
0.028
0.022
10.159
0.035
0.021
0.022
10.157
0.028
0.021
0.022
10.107
0.029
0.022
10.201
0.029
0.022
10.083
0.034
0.022
0.022
10.178
0.032
0.022
10.085
0.035
0.022
0.022
10.125
0.035
0.022
10.165
0.029
0.022
10.149
0.037
0.022
0.021
10.17
0.029
0.022
10.094
0.035
0.022
10.073
0.03
0.022
0.021
10.164
0.029
0.022
10.082
0.035
0.021
0.023
10.197
0.03
0.022
10.176
0.029
0.022
10.065
0.035
0.022
0.021
10.102
0.03
0.022
10.083
0.036
0.022
0.021
10.196
0.035
0.021
10.167
0.029
0.022
10.15
0.037
0.022
0.022
10.166
0.029
0.022
10.098
0.039
0.022
10.176
0.039
0.022
0.022
10.068
0.03
0.021
10.161
0.038
0.021
0.022
10.197
0.03
0.021
10.158
0.043
0.021
0.022
10.091
0.029
0.021
10.189
0.04
0.021
0.022
10.166
0.029
0.021
10.105
0.036
0.033
10.159
0.039
0.022
0.021
10.171
0.03
0.021
10.06
0.037
0.022
0.021
10.201
0.03
0.022
10.105
0.029
0.022
10.159
0.037
0.022
0.021
10.197
0.03
0.022
10.081
0.039
0.021
0.022
10.198
0.036
0.022
10.097
0.029
0.022
10.187
0.039
0.022
0.022
10.09
0.03
0.021
10.102
0.038
0.022
10.193
0.04
0.022
0.021
10.166
0.029
0.021
10.105
0.037
0.022
0.021
10.107
0.03
0.022
10.157
0.043
0.022
10.084
0.035
0.023
0.021
10.107
0.029
0.022
3.913
0.031
10.098
0.03
0.021
10.176
0.03
0.022
10.081
0.037
0.021
0.022
2.446
10.104
0.03
0.022
10.157
0.037
0.022
0.022
10.182
0.066
0.059
10.14
0.071
0.062
10.219
0.045
0.022
0.022
10.082
0.029
0.021
10.083
0.043
0.027
10.075
0.03
0.016
0.016
10.074
0.02
0.014
10.056
0.023
0.014
0.014
10.057
0.018
0.013
10.066
0.019
0.013
10.059
0.026
0.014
0.014
10.059
0.018
0.018
10.054
0.021
0.013
0.014
10.062
0.022
0.014
10.059
0.017
0.014
10.059
0.025
0.014
0.014
10.062
0.018
0.014
10.127
0.038
0.026
10.055
0.037
0.022
0.021
10.198
0.03
0.022
10.156
0.039
0.022
0.021
10.096
0.029
0.021
10.188
0.045
0.022
10.081
0.035
0.021
0.022
10.181
0.03
0.021
10.084
0.037
0.022
0.022
10.196
0.03
0.027
10.171
0.03
0.022
10.182
0.038
0.022
0.021
10.172
0.03
0.022
10.17
0.04
0.023
10.162
0.037
0.022
0.021
10.158
0.039
0.022
0.021
10.172
0.03
0.021
10.186
0.039
0.022
0.022
10.17
0.029
0.022
10.164
0.03
0.021
10.092
0.039
0.021
0.022
10.177
0.028
0.022
10.185
0.039
0.027
10.084
0.036
0.022
0.021
10.195
0.03
0.022
10.092
0.038
0.022
0.021
10.178
0.03
0.022
10.073
0.029
0.022
10.098
0.039
0.023
0.021
10.196
0.03
0.022
10.155
0.036
0.022
0.022
10.165
0.034
0.021
10.196
0.031
0.022
10.084
0.036
0.021
0.022
10.197
0.03
0.022
10.057
0.036
0.019
10.067
0.024
0.014
0.013
10.099
0.021
0.013
10.084
0.034
0.021
0.021
10.095
0.03
0.021
10.085
0.042
0.021
10.186
0.039
0.021
0.023
10.168
0.029
0.022
10.123
0.036
0.021
0.022
10.155
0.037
0.027
10.085
0.037
0.022
0.021
10.083
0.026
0.022
10.149
0.037
0.022
0.022
10.145
0.029
0.022
10.201
0.03
0.022
10.155
0.037
0.022
0.021
10.095
0.029
0.022
10.166
0.037
0.022
0.021
10.162
0.03
0.021
10.174
0.029
0.022
10.118
0.038
0.022
0.022
10.163
0.029
0.021
10.158
0.037
0.027
10.16
0.038
0.022
0.021
10.107
0.029
0.021
10.152
0.038
0.024
0.023
10.13
0.03
0.022
10.18
0.029
0.022
10.095
0.035
0.022
0.022
10.102
0.03
0.021
10.099
0.035
0.021
0.022
10.168
0.035
0.022
10.073
0.03
0.022
10.163
0.04
0.021
0.022
10.176
0.029
0.022
10.17
0.037
0.021
0.028
10.166
0.029
0.022
10.081
0.038
0.022
0.021
10.175
0.029
0.022
10.165
0.036
0.022
0.022
10.206
0.031
0.023
10.163
0.029
0.022
10.161
0.039
0.022
0.022
10.191
0.03
0.021
10.087
0.039
0.028
10.167
0.037
0.022
0.021
10.169
0.066
0.058
10.113
0.075
0.059
0.06
10.206
0.029
0.021
10.201
0.03
0.022
10.062
0.035
0.022
0.022
10.088
0.029
0.022
10.186
0.039
0.021
0.022
10.108
0.029
0.023
10.163
0.029
0.021
0.022
10.095
0.03
0.022
10.154
0.037
0.021
0.022
10.132 
0.035
0.021
10.166
0.029
0.022
10.096
0.036
0.021
0.022
10.104
0.03
0.022
10.153
0.037
0.022
10.171
0.037
0.022
0.021
10.108
0.03
0.021
10.157
0.036
0.022
0.021
10.164
0.029
0.022
10.161
0.045
0.021
10.101
0.035
0.022
0.022
10.102
0.03
0.022
10.094
0.035
0.021
0.022
10.091
0.029
0.027
10.099
0.03
0.021
10.14
0.04
0.024
0.022
10.169
0.029
0.022
10.166
0.037
0.022
0.022
10.109
0.029
0.021
10.152
0.029
0.022
10.166
0.037
0.022
0.021
10.194
0.03
0.022
10.161
0.04
0.028
10.167
0.037
0.022
0.021
10.175
0.03
0.021
0.023
10.195
0.029
0.022
10.084
0.038
0.022
10.098
0.039
0.023
0.024
10.174
0.029
0.022
10.165
0.036
0.022
0.022
10.193
0.03
0.022
10.084
0.043
0.022
10.185
0.037
0.022
0.022
10.164
0.03
0.022
10.16
0.04
0.022
0.022
10.163
0.034
0.022
10.163
0.03
0.022
10.072
0.035
0.022
0.022
10.163
0.029
0.021
10.081
0.034
0.022
10.172
0.037
0.021
0.022
10.107
0.029
0.022
10.159
0.039
0.022
0.021
10.163
0.029
0.034
10.108
0.041
0.021
10.083
0.037
0.022
0.021
10.195
0.03
0.022
10.089
0.037
0.022
0.022
10.175
0.029
0.027
10.102
0.029
0.021
10.087
0.038
0.022
0.022
10.16
0.029
0.021
0.022
10.167
0.029
0.022
10.111
0.031
0.023
10.188
0.039
0.022
0.021
10.172
0.03
0.021
10.167
0.038
0.022
0.021
10.167
0.035
0.022
10.095
0.03
0.022
10.183
0.037
0.022
0.021
10.168
0.029
0.022
10.13
0.039
0.022
10.175
0.04
0.024
0.021
10.167
0.029
0.022
10.185
0.04
0.022
0.023
10.173
0.03
0.022
10.103
0.043
0.022
10.084
0.037
0.022
0.022
10.177
0.029
0.022
10.158
0.037
0.022
0.022
10.165
0.029
0.027
10.091
0.029
0.022
10.188
0.039
0.021
0.022
10.161
0.04
0.021
0.022
10.166
0.03
0.027
10.166
0.03
0.021
10.084
0.041
0.022
0.022
10.196
0.03
0.022
10.138
0.039
0.022
0.021
10.122
0.029
0.022
10.069
0.029
0.022
10.086
0.038
0.021
0.022
10.23
0.032
0.023
10.108
0.035
0.027
10.081
0.038
0.021
0.022
10.195
0.03
0.022
10.16
0.039
0.022
0.022
10.16
0.076
0.061
10.166
0.066
0.059
10.135
0.037
0.021
0.022
10.197
0.03
0.029
10.086
0.039
0.022
0.022
10.082
0.028
0.016
10.07
0.021
0.013
10.065
0.028
0.014
0.014
10.061
0.018
0.014
10.059
0.024
0.014
10.062
0.026
0.013
0.014
10.058
0.017
0.014
10.053
0.02
0.014
0.014
10.065
0.019
0.014
10.04
0.029
0.014
10.399
0.039
0.014
0.014
10.059
0.017
0.014
10.117
0.03
0.014
0.013
10.102
0.035
0.028
10.183
0.03
0.022
10.157
0.037
0.022
0.022
10.158
0.03
0.021
0.022
10.133
0.072
0.028
10.094
0.029
0.022
10.185
0.04
0.021
0.022
10.093
0.03
0.022
10.17
0.038
0.022
0.022
10.175
0.029
0.022
10.179
0.03
0.022
10.159
0.038
0.022
0.022
10.114
0.03
0.021
10.085
0.035
0.023
10.083
0.028
0.013
0.014
10.084
0.022
0.014
10.066
0.028
0.014
0.014
10.071
0.021
0.014
10.073
0.021
0.014
10.067
0.029
0.014
0.014
10.092
0.031
0.03
10.085
0.036
0.022
0.021
10.196
0.035
0.022
10.101
0.031
0.022
10.185
0.04
0.021
0.022
10.17
0.03
0.022
10.059
0.039
0.022
10.149
0.04
0.022
0.022
10.112
0.03
0.021
10.159
0.039
0.022
0.021
10.071
0.03
0.021
10.099
0.047
0.021
10.172
0.04
0.022
0.023
10.072
0.03
0.022
10.074
0.035
0.019
0.019
10.05
0.02
0.018
10.147
0.033
0.022
10.148
0.03
0.019
0.018
10.092
0.026
0.019
10.077
0.04
0.019
0.019
10.201
0.026
0.018
10.17
0.026
0.018
10.084
0.041
0.018
0.018
10.199
0.026
0.019
10.155
0.038
0.019
10.153
0.034
0.018
0.018
10.085
0.04
0.019
0.019
10.179
0.024
0.017
10.064
0.033
0.021
10.178
0.038
0.022
0.021
10.147
0.03
0.021
10.099
0.037
0.023
0.021
10.168
0.029
0.022
10.18
0.029
0.022
10.095
0.036
0.022
0.021
10.171
0.03
0.022
10.154
0.037
0.022
0.021
10.174
0.034
0.022
10.177
0.029
0.022
10.092
0.039
0.022
0.021
10.12
0.029
0.022
10.103
0.042
0.022
10.107
0.037
0.021
0.022
10.166
0.03
0.021
10.096
0.038
0.021
0.022
10.175
0.029
0.022
10.168
0.042
0.022
10.085
0.038
0.022
0.022
10.106
0.025
0.019
10.054
0.035
0.022
0.021
10.061
0.048
0.02
10.192
0.032
0.015
10.14
0.037
0.022
0.021
10.164
0.029
0.022
10.158
0.039
0.021
0.023
10.162
0.028
0.022
10.161
0.039
0.022
0.021
10.071
0.03
0.022
10.186
0.039
0.022
0.022
10.169
0.029
0.023
10.154
0.066
0.059
10.117
0.073
0.06
0.059
10.169
0.028
0.022
10.166
0.037
0.027
10.059
0.037
0.022
0.021
10.093
0.026
0.018
10.166
0.039
0.021
0.022
10.09
0.03
0.021
10.181 
0.029
0.021
10.095
0.038
0.021
0.022
10.099
0.03
0.022
10.166
0.037
0.022
0.022
10.174
0.034
0.022
10.107
0.03
0.021
10.157
0.037
0.022
0.022
10.165
0.029
0.021
10.16
0.04
0.022
10.151
0.036
0.021
0.022
10.094
0.03
0.023
10.166
0.037
0.022
0.022
10.163
0.04
0.022
0.022
10.107
0.029
0.022
10.163
0.029
0.022
10.085
0.038
0.021
0.022
10.193
0.03
0.022
10.159
0.039
0.028
10.108
0.038
0.022
0.022
10.196
0.03
0.021
10.161
0.037
0.022
0.021
10.093
0.029
0.022
10.181
0.029
0.021
10.165
0.037
0.022
0.022
10.174
0.029
0.022
10.078
0.037
0.021
0.022
10.109
0.036
0.022
10.183
0.031
0.022
10.159
0.038
0.022
0.022
10.193
0.03
0.022
10.159
0.037
0.027
10.146
0.037
0.022
0.021
10.165
0.03
0.023
10.162
0.039
0.022
0.022
10.168
0.038
0.021
10.122
0.036
0.021
0.022
10.069
0.029
0.022
10.159
0.039
0.022
0.022
10.152
0.031
0.024
10.161
0.045
0.021
10.094
0.035
0.022
0.022
10.101
0.03
0.022
10.094
0.035
0.021
0.022
10.164
0.029
0.027
10.093
0.03
0.022
10.169
0.038
0.022
0.021
10.097
0.029
0.022
10.082
0.04
0.022
0.025
10.092
0.03
0.021
10.095
0.03
0.022
10.167
0.037
0.021
0.022
10.172
0.029
0.021
10.061
0.034
0.024
10.064
0.024
0.014
0.014
10.054
0.016
0.013
10.061
0.026
0.013
0.014
10.076
0.028
0.021
10.162
0.029
0.023
10.077
0.033
0.019
0.018
10.079
0.026
0.021
10.099
0.037
0.021
0.022
10.164
0.035
0.022
10.163
0.029
0.022
10.161
0.04
0.022
0.022
10.115
0.03
0.021
10.065
0.038
0.022
10.196
0.034
0.018
0.019
10.167
0.025
0.019
10.12
0.039
0.021
0.022
10.094
0.03
0.021
10.1
0.029
0.022
10.071
0.036
0.021
0.022
10.092
0.028
0.022
10.185
0.039
0.021
0.022
10.169
0.035
0.022
10.176
0.029
0.022
10.175
0.036
0.02
0.019
10.075
0.034
0.019
10.165
0.037
0.021
0.027
10.165
0.029
0.022
10.086
0.038
0.022
0.022
10.177
0.029
0.022
10.06
0.036
0.022
0.022
10.201
0.031
0.023
10.085
0.028
0.022
10.086
0.037
0.022
0.084
10.206
0.026
0.019
10.066
0.034
0.023
10.099
0.033
0.021
0.022
10.173
0.031
0.022
10.145
0.073
0.059
0.059
10.128
0.067
0.059
10.248
0.03
0.021
10.156
0.036
0.022
0.022
10.07
0.031
0.022
10.069
0.079
0.017
0.016
10.076
0.024
0.014
10.061
0.018
0.014
10.053
0.022
0.014
0.014
10.065
0.019
0.014
10.057
0.025
0.014
10.058
0.022
0.014
0.014
10.058
0.019
0.014
10.057
0.025
0.014
0.014
10.061
0.019
0.064
10.065
0.019
0.014
10.056
0.022
0.014
0.014
10.069
0.019
0.013
10.063
0.029
0.014
0.014
10.049
0.024
0.014
10.171
0.03
0.022
10.123
0.036
0.022
0.022
10.178
0.03
0.022
10.102
0.037
0.023
10.176
0.104
0.023
0.021
10.173
0.03
0.021
10.148
0.037
0.022
0.022
10.17
0.03
0.022
10.17
0.043
0.022
10.086
0.037
0.022
0.022
10.194
0.03
0.022
10.155
0.036
0.021
0.022
10.167
0.029
0.027
10.101
0.03
0.037
0.022
10.131
0.029
0.022
10.185
0.038
0.021
0.022
10.106
0.03
0.022
10.117
0.029
0.022
10.155
0.037
0.022
0.021
10.173
0.031
0.022
10.166
0.037
0.022
0.021
10.094
0.036
0.021
10.103
0.029
0.022
10.096
0.036
0.021
0.022
10.097
0.029
0.022
10.117
0.042
0.022
10.192
0.039
0.021
0.022
10.164
0.029
0.022
10.06
0.037
0.022
0.021
10.169
0.032
0.023
10.082
0.04
0.022
10.184
0.041
0.023
0.022
10.079
0.024
0.016
10.06
0.025
0.014
0.014
10.161
0.04
0.014
10.059
0.029
0.022
10.087
0.039
0.021
0.022
10.107
0.029
0.022
10.155
0.038
0.021
10.164
0.04
0.021
0.022
10.148
0.029
0.022
10.161
0.04
0.022
0.023
10.101
0.029
0.021
10.168
0.045
0.021
10.16
0.04
0.021
0.022
10.178
0.03
0.022
0.021
10.164
0.03
0.021
10.162
0.04
0.027
10.169
0.039
0.022
0.021
10.171
0.03
0.021
10.149
0.039
0.021
0.022
10.175
0.031
0.021
10.093
0.03
0.021
10.158
0.04
0.022
0.021
10.078
0.026
0.018
10.048
0.025
0.014
0.014
10.074
0.026
0.014
10.069
0.02
0.013
10.055
0.023
0.014
0.013
10.088
0.018
0.013
10.057
0.024
0.015
10.064
0.025
0.014
0.014
10.039
0.017
0.014
10.059
0.026
0.014
0.014
10.061
0.02
0.014
10.056
0.029
0.014
10.055
0.023
0.014
10.053
0.02
0.014
0.014
10.175
0.03
0.022
10.163
0.04
0.028
0.021
10.097
0.029
0.022
10.156
0.034
0.019
0.019
10.09
0.026
0.019
10.188
0.035
0.019
10.131
0.034
0.02
0.019
10.108
0.029
0.022
10.075
0.029
0.014
0.013
10.162
0.03
0.02
10.157
0.097
0.059
10.088
0.063
0.052
0.051
10.09
0.027
0.019
10.069
0.028
0.015
0.015
10.105
0.039 
0.018
10.082
0.03
0.022
10.101
0.034
0.018
0.018
10.169
0.03
0.021
10.077
0.031
0.019
0.018
10.117
0.026
0.019
10.07
0.029
0.022
10.107
0.032
0.019
0.019
10.166
0.026
0.018
10.054
0.033
0.023
10.118
0.034
0.018
0.019
10.089
0.029
0.022
10.072
0.03
0.019
0.019
10.092
0.035
0.017
10.063
0.026
0.018
10.158
0.04
0.022
0.021
10.195
0.032
0.022
10.091
0.039
0.018
0.019
10.165
0.036
0.022
10.106
0.027
0.019
10.093
0.033
0.022
0.021
10.107
0.03
0.022
10.06
0.033
0.019
10.164
0.04
0.021
0.022
10.095
0.033
0.019
10.079
0.082
0.022
0.021
10.087
0.025
0.019
10.169
0.032
0.016
10.079
0.036
0.022
0.022
10.111
0.026
0.019
10.157
0.035
0.019
0.019
10.092
0.036
0.022
10.21
0.029
0.02
10.079
0.04
0.019
0.019
10.09
0.025
0.019
10.164
0.04
0.022
0.027
10.163
0.029
0.022
10.066
0.038
0.022
0.022
10.196
0.03
0.022
10.075
0.04
0.022
0.022
10.109
0.029
0.022
10.169
0.031
0.022
10.161
0.039
0.022
0.022
10.177
0.03
0.022
10.089
0.037
0.029
10.158
0.04
0.021
0.022
10.098
0.03
0.022
10.082
0.035
0.022
0.022
10.09
0.03
0.022
10.11
0.03
0.021
10.062
0.038
0.022
0.022
10.172
0.031
0.022
10.092
0.042
0.024
0.023
10.197
0.036
0.021
10.172
0.03
0.022
10.183
0.038
0.021
0.022
10.092
0.029
0.021
10.17
0.04
0.021
10.164
0.036
0.022
0.021
10.106
0.03
0.021
10.082
0.036
0.021
0.022
10.116
0.03
0.021
10.158
0.045
0.056
10.186
0.038
0.024
0.021
10.093
0.03
0.022
10.169
0.038
0.021
0.022
10.157
0.045
0.021
10.16
0.04
0.022
0.022
10.136
0.029
0.022
10.073
0.036
0.021
0.021
10.154
0.031
0.028
10.196
0.031
0.022
10.086
0.034
0.022
0.023
10.113
0.026
0.018
10.156
0.033
0.019
0.018
10.199
0.026
0.019
10.089
0.034
0.016
10.164
0.044
0.014
0.014
10.087
0.03
0.024
10.176
0.04
0.027
10.086
0.037
0.022
0.022
10.185
0.027
0.019
10.157
0.035
0.018
0.019
10.105
0.026
0.018
10.171
0.032
0.017
10.055
0.03
0.017
0.017
10.177
0.03
0.022
10.159
0.037
0.022
0.022
10.092
0.034
0.018
10.101
0.026
0.018
10.088
0.036
0.018
0.019
10.062
0.029
0.024
10.175
0.041
0.022
10.099
0.042
0.019
0.018
10.167
0.058
0.051
10.117
0.063
0.051
0.051
10.157
0.034
0.019
0.019
10.168
0.029
0.021
10.091
0.026
0.019
10.053
0.028
0.014
0.015
10.066
0.022
0.013
10.062
0.03
0.014
10.05
0.022
0.014
0.013
10.072
0.02
0.014
10.058
0.043
0.014
0.014
10.063
0.02
10.061
0.025
0.014
0.013
10.065
0.02
0.014
10.062
0.026
0.014
0.014
10.064
0.018
0.014
10.045
0.03
0.016
10.061
0.024
0.014
0.014
10.083
0.022
0.014
10.061
0.028
0.014
0.014
10.07
0.021
0.017
10.075
0.021
0.014
10.087
0.031
0.014
0.013
10.075
0.021
0.014
10.056
0.022
0.014
0.014
10.074
0.021
0.014
10.178
0.027
0.021
10.097
0.036
0.021
0.022
10.121
0.029
0.022
10.086
0.038
0.027
10.091
0.038
0.022
0.022
10.197
0.031
0.021
10.148
0.037
0.022
0.021
10.091
0.028
0.022
10.2
0.031
0.021
10.149
0.036
0.109
0.022
10.158
0.039
0.021
0.022
10.106
0.029
0.022
10.159
0.043
0.022
10.186
0.039
0.022
0.022
10.156
0.029
0.021
10.084
0.038
0.021
0.022
10.09
0.029
0.027
10.181
0.03
0.022
10.066
0.039
0.022
0.134
10.171
0.03
0.021
10.162
0.038
0.022
10.188
0.037
0.022
0.021
10.157
0.029
0.021
10.158
0.04
0.022
0.021
10.097
0.029
0.022
10.157
0.044
0.021
10.074
0.033
0.019
0.019
10.073
0.02
0.014
10.065
0.052
0.014
0.014
10.149
0.029
0.027
10.172
0.034
0.022
10.165
0.04
0.022
0.021
10.146
0.03
0.022
10.155
0.037
0.022
0.021
10.102
0.031
0.024
10.117
0.044
0.021
0.022
10.165
0.029
0.022
10.082
0.037
0.041
0.022
10.091
0.036
0.022
10.166
0.029
0.022
10.089
0.04
0.022
0.022
10.172
0.031
0.021
10.061
0.038
0.021
10.098
0.038
0.022
0.022
10.177
0.029
0.022
10.146
0.038
0.021
0.022
10.093
0.029
0.022
10.281
0.044
0.021
10.155
0.037
0.021
0.022
10.088
0.03
0.022
10.152
0.038
0.021
0.022
10.163
0.03
0.027
10.164
0.028
0.022
10.157
0.038
0.022
0.021
10.095
0.03
0.022
10.096
0.037
0.021
10.162
0.037
0.048
0.022
10.166
0.029
0.022
10.084
0.038
0.022
0.021
10.192
0.03
0.022
0.022
10.174
0.03
0.022
10.164
0.031
0.022
10.086
0.037
0.022
0.021
10.089
0.029
0.021
10.154
0.037
0.027
10.165
0.036
0.022
0.048
10.107
0.03
0.022
10.156
0.037
0.022
0.021
10.171
0.03
0.021
10.169
0.029
0.022
10.185
0.04
0.022
0.021
10.096
0.03
0.021
10.137
0.075
0.059
0.059 
10.235
0.087
0.059
10.131
0.029
0.022
10.167
0.038
0.022
0.021
10.091
0.032
0.022
10.095
0.037
0.022
10.164
0.037
0.022
0.022
10.096
0.03
0.022
10.166
0.037
0.021
0.022
10.091
0.038
0.022
0.022
10.109
0.03
0.022
10.165
0.029
0.022
10.154
0.036
0.024
0.022
10.098
0.03
0.022
10.077
0.038
0.027
10.073
0.03
0.022
0.022
10.161
0.029
0.022
10.076
0.037
0.021
0.022
10.179
0.03
0.022
10.17
0.029
0.022
10.147
0.037
0.021
0.022
10.059
0.026
0.019
10.089
0.037
0.022
0.021
10.186
0.03
0.021
10.167
0.03
0.021
10.085
0.037
0.022
0.022
10.195
0.03
0.022
10.159
0.04
0.027
10.155
0.036
0.022
0.021
10.165
0.029
0.021
10.088
0.04
0.021
0.022
10.165
0.031
0.022
10.181
0.029
0.021
10.151
0.036
0.022
0.021
10.166
0.029
0.022
10.08
0.038
0.021
0.022
10.192
0.034
0.022
10.172
0.031
0.022
0.022
10.193
0.029
0.022
10.161
0.039
0.022
0.022
10.084
0.029
0.028
10.121
0.03
0.021
10.083
0.039
0.022
0.022
10.157
0.029
0.022
10.083
0.037
0.022
0.022
10.109
0.029
0.022
10.091
0.029
0.022
10.157
0.037
0.022
0.021
10.068
0.029
0.022
10.161
0.041
0.027
10.074
0.029
0.022
0.021
10.104
0.03
0.021
10.162
0.039
0.022
0.021
10.102
0.029
0.022
10.171
0.03
0.022
10.154
0.037
0.021
0.022
10.087
0.029
0.022
10.157
0.038
0.022
0.021
10.163
0.034
0.022
10.164
0.028
0.024
10.085
0.038
0.022
0.022
10.176
0.029
0.022
10.167
0.037
0.027
10.059
0.035
0.022
0.021
10.089
0.028
0.022
10.157
0.038
0.021
0.022
10.171
0.025
0.018
10.174
0.026
0.019
10.121
0.04
0.018
0.019
10.109
0.026
0.018
