6.176
10.333
10.165
10.301
10.293
10.356
10.223
10.258
10.32
10.342
10.286
10.332
10.266
10.348
10.283
10.248
10.299
10.315
10.29
10.345
10.265
10.366
10.31
10.23
10.278
10.282
5.729
10.252
6.417
10.099
16.039
6.251
10.092
16.641
10.099
10.122
0.069
10.1
20.147
10.106
10.108
10.094
10.083
10.08
10.083
0.035
10.064
10.089
10.08
10.077
10.087
10.118
10.147
10.092
10.083
10.077
10.085
10.08
10.085
10.083
10.081
10.075
10.088
10.08
10.255
10.309
10.317
10.287
10.314
10.337
10.287
10.301
10.281
10.296
10.252
10.284
10.176
10.155
10.112
10.172
10.388
10.191
10.348
10.295
10.335
10.318
10.33
10.312
10.329
10.213
10.327
0.121
10.295
10.297
10.306
10.244
10.259
10.32
10.222
10.22
10.211
10.351
10.287
10.317
10.334
10.349
10.319
10.399
10.269
10.299
10.231
10.331
10.337
10.318
10.351
10.324
10.26
10.274
10.276
10.291
10.308
10.196
10.312
10.284
10.305
10.182
10.301
10.294
0.116
10.115
10.088
10.325
10.281
10.331
10.231
10.309
10.29
10.316
10.244
10.365
10.319
10.323
10.299
10.325
10.281
10.345
10.243
10.36
10.278
10.348
10.321
10.36
10.594
10.522
10.251
10.212
0.068
10.235
10.221
10.28
10.296
10.319
10.301
10.238
10.313
10.34
10.31
10.22
10.226
10.313
10.28
10.338
10.373
10.296
10.304
10.284
10.358
10.323
10.29
10.356
10.312
10.316
10.343
10.326
10.333
10.298
10.285
10.245
10.295
10.224
10.284
10.305
0.102
10.303
10.285
10.316
10.32
10.326
10.291
10.325
10.351
10.272
10.305
10.304
10.132
10.117
10.145
10.105
10.106
10.112
10.098
10.248
10.319
10.309
10.286
10.295
10.303
10.21
10.216
10.254
10.326
10.327
10.332
10.302
10.312
10.223
10.317
10.361
0.117
10.213
10.124
10.101
10.096
10.096
10.088
10.09
10.084
10.076
10.082
10.08
10.087
10.086
10.083
10.092
10.082
10.078
10.068
10.105
10.084
10.076
10.086
10.113
10.15
10.318
10.217
10.314
10.321
10.335
10.355
10.234
10.331
10.351
10.283
10.217
10.244
10.301
10.329
10.327
10.335
10.313
10.281
10.339
10.311
10.234
10.249
10.287
10.335
0.166
10.101
10.087
10.287
10.325
10.301
10.296
10.322
10.31
10.284
10.352
10.306
10.374
10.284
10.283
10.292
10.241
10.28
10.272
10.152
10.322
10.302
10.325
10.274
10.318
10.236
10.31
10.352
10.32
10.331
10.291
10.375
10.156
0.055
10.216
10.288
10.233
10.296
10.299
10.301
10.32
10.303
10.315
10.318
10.327
10.305
10.213
10.311
10.28
10.256
10.207
10.31
10.149
10.274
10.298
10.307
10.307
10.203
10.338
10.279
10.324
10.29
10.312
10.31
10.307
10.307
10.226
10.321
10.216
10.309
0.12
10.311
10.163
10.107
10.129
10.174
10.12
10.097
10.095
10.087
10.121
10.281
10.298
10.362
10.311
10.262
10.271
10.308
10.315
10.289
10.2
10.341
10.337
10.197
10.338
10.3
10.319
10.283
10.326
10.347
10.22
10.251
10.241
10.322
10.27
10.291
10.317
0.118
10.278
10.267
10.31
10.295
10.315
10.272
10.152
10.316
10.308
10.295
10.313
10.336
10.316
10.314
10.305
10.353
10.352
10.256
10.334
10.307
10.307
10.297
10.292
10.385
10.336
10.296
10.341
10.305
10.33
10.323
10.309
10.339
10.213
10.301
10.331
0.116
10.293
10.241
10.265
10.34
10.309
10.312
10.165
10.32
10.146
10.095
10.109
10.098
10.086
10.085
10.08
10.086
10.08
10.078
10.087
10.083
10.077
10.091
10.085
10.082
10.079
10.084
10.091
10.077
10.088
10.087
10.112
10.377
10.349
10.221
10.307
10.264
10.321
10.211
10.333
10.364
10.323
10.364
10.271
10.354
10.223
0.114
10.345
10.304
10.307
10.278
10.166
10.331
10.313
10.289
10.344
10.313
10.169
10.104
10.091
10.286
10.313
10.298
10.313
10.337
10.28
10.293
10.274
10.331
10.326
10.309
10.327
10.327
10.296
10.335
10.275
10.219
10.223
10.29
10.41
10.295
10.212
0.117
10.321
10.304
10.333
10.281
10.35
10.287
10.319
10.229
10.343
10.274
10.185
10.262
10.204
10.3
10.303
10.32
10.375
10.314
10.305
10.353
10.239
10.262
10.257
10.32
10.316
10.35
10.29
10.21
10.323
10.334
10.197
10.314
10.325
0.111
10.265
10.285
10.318
10.327
10.349
10.285
10.311
10.299
10.341
10.282
10.273
10.323
10.235
10.307
10.409
10.613
10.485
10.282
10.316
10.313
10.298
10.281
10.395
10.301
10.235
10.294
10.284
10.311
10.206
0.114
10.322
10.27
10.213
10.285
10.352
10.307
10.342
10.333
10.316
10.249
10.346
10.186
10.317
10.278
10.333
10.331
10.309
10.304
10.314
10.196
10.268
10.342
10.173
10.264
10.285 
10.392
10.302
10.214
10.34
10.297
10.23
10.209
10.319
10.232
10.235
10.32
0.122
10.301
10.28
10.286
10.278
10.33
10.367
10.249
10.314
10.311
10.321
10.306
10.29
10.274
10.323
10.308
10.327
10.35
10.298
10.277
10.275
10.315
10.314
10.221
10.199
10.217
10.16
10.096
10.104
10.09
10.069
10.092
10.084
10.081
10.07
10.125
10.106
0.044
10.095
10.088
10.078
20.124
10.086
10.087
10.082
10.078
0.034
10.083
10.107
10.238
10.318
10.29
10.268
10.253
10.318
10.269
10.353
10.29
10.279
10.306
10.282
10.355
10.318
10.29
10.304
10.33
10.213
10.229
10.242
10.301
10.241
10.281
10.354
10.294
10.188
10.119
10.266
10.316
10.204
10.208
10.272
10.332
0.114
10.279
10.315
10.238
10.338
10.278
10.326
10.304
10.309
10.267
10.367
10.278
10.345
10.277
10.307
10.358
10.273
10.313
10.219
10.226
10.329
10.289
10.358
10.277
10.35
10.322
10.299
10.261
10.2
10.333
10.305
10.31
0.125
10.268
10.335
10.299
10.289
10.292
10.308
10.287
10.291
10.275
10.334
10.298
10.141
10.21
10.283
10.316
10.205
10.307
10.297
10.299
10.31
10.323
10.321
10.296
10.341
10.258
10.27
10.303
10.316
10.362
10.287
10.241
0.113
10.205
10.257
10.491
10.358
10.28
10.221
10.328
10.313
10.265
10.243
10.359
10.273
10.28
10.225
10.309
10.317
10.303
10.312
10.3
10.326
10.259
10.299
10.352
10.315
10.335
10.331
10.31
10.331
10.319
10.279
10.269
10.212
10.292
10.391
10.315
10.279
0.117
10.27
10.211
10.358
10.23
10.321
10.27
10.315
10.286
10.327
10.303
10.317
10.353
10.28
10.3
10.223
10.268
10.324
10.32
10.316
10.198
10.303
10.237
10.309
10.256
10.351
10.298
10.196
10.355
10.322
10.295
0.12
10.271
10.226
10.238
10.311
10.27
10.219
10.337
10.313
10.276
10.339
10.324
10.154
10.107
10.109
10.085
10.083
10.086
10.083
10.075
10.074
10.082
10.086
10.081
10.071
10.089
10.063
10.077
10.073
10.084
10.085
10.082
10.076
10.063
10.088
10.274
10.316
10.286
10.239
10.372
10.304
10.281
10.354
10.227
10.31
10.298
10.312
10.315
10.227
10.222
10.282
0.112
10.282
10.285
10.301
10.323
10.326
10.305
10.324
10.22
10.112
10.099
10.091
10.275
10.333
10.291
10.318
10.31
10.314
10.302
10.307
10.347
10.341
10.275
10.203
10.26
10.309
10.32
10.249
10.329
10.193
10.252
10.352
10.321
10.221
10.236
10.296
10.308
0.114
10.27
10.208
10.4
10.16
10.191
10.332
10.291
10.311
10.29
10.222
10.257
10.308
10.283
10.169
10.32
10.319
10.306
10.306
10.311
10.262
10.337
10.328
10.335
10.351
10.296
10.32
10.28
10.227
10.355
10.282
10.288
10.28
10.323
0.124
10.28
10.298
10.281
10.338
10.232
10.352
10.216
10.169
10.126
10.084
10.101
10.316
10.466
10.142
10.241
10.325
10.279
10.237
10.247
10.396
10.309
10.314
10.26
10.3
10.251
10.308
10.351
10.335
10.313
10.208
10.234
10.352
10.316
10.296
0.124
10.3
10.326
10.309
10.29
10.322
10.313
10.325
10.264
10.255
10.364
10.309
10.296
10.268
10.294
10.281
10.187
10.352
10.315
10.312
10.326
10.275
10.192
10.322
10.308
10.274
10.352
10.201
10.332
10.3
10.33
0.12
10.199
10.3
10.317
10.235
10.308
10.315
10.299
10.289
10.18
10.209
10.146
10.305
10.226
10.342
10.318
10.304
10.315
10.238
10.293
10.325
10.353
10.236
10.324
10.156
10.108
10.106
10.093
10.08
10.084
10.086
10.091
10.083
10.09
10.082
10.076
10.078
10.081
10.09
10.08
10.075
10.089
10.08
10.076
10.075
10.083
10.049
10.152
10.195
10.278
10.226
10.189
10.199
10.322
10.335
0.116
10.303
10.3
10.257
10.34
10.318
10.298
10.264
10.284
10.253
10.357
10.33
10.242
10.298
10.158
10.343
10.305
10.139
10.091
10.188
10.205
10.263
10.283
10.368
10.257
10.298
10.155
10.307
10.155
10.248
10.206
10.283
10.283
10.225
10.242
10.176
10.232
0.115
10.188
10.319
10.295
10.243
10.241
10.357
10.308
10.336
10.281
10.345
10.321
10.353
10.283
10.178
10.283
10.215
10.313
10.345
10.31
10.285
10.309
10.39
10.341
10.243
10.201
10.124
10.22
10.28
10.24
10.322
10.217
10.333
10.329
10.22
10.332
0.119
10.265
10.227
10.314
10.335
10.283
10.312
10.206
10.329
10.283
10.307
10.326
10.324
10.311
10.33
10.308
10.347
10.325
10.394
10.423
10.544
10.3
10.33
10.352
10.229
10.332
10.345
10.236
0.14
10.251
10.259
10.342
10.321
10.307
10.331
10.33
10.318
10.292
10.347
10.309
10.355
10.237
10.249
10.308
10.253
10.21
10.224
10.336
10.299
10.287
10.337
10.318
10.311 
10.314
10.253
10.344
10.302
10.267
10.34
10.321
10.225
10.284
10.228
10.325
0.104
10.261
10.307
10.323
10.293
10.303
10.337
10.293
10.321
10.29
10.276
10.331
10.327
10.34
10.271
10.305
10.324
10.326
10.338
10.224
10.323
10.334
10.299
10.209
10.326
10.31
10.257
10.299
10.207
10.358
10.302
0.127
10.117
10.094
20.159
10.09
10.082
0.039
10.082
10.082
10.078
10.066
10.065
10.084
10.081
10.084
10.09
10.085
10.133
10.102
10.087
10.072
10.096
10.083
10.108
10.138
10.323
10.254
10.337
10.298
10.317
10.355
10.282
10.282
10.313
10.327
10.311
10.31
10.323
10.307
10.281
10.399
10.185
10.243
10.313
10.328
10.24
10.334
10.296
10.209
10.188
10.085
10.241
0.122
10.352
10.282
10.219
10.274
10.31
10.283
10.357
10.326
10.275
10.286
10.242
10.299
10.313
10.239
10.359
10.277
10.297
10.252
10.327
10.292
10.313
10.282
10.324
10.323
10.356
10.34
10.251
10.293
10.229
10.314
10.334
10.333
0.131
10.205
10.337
10.277
10.194
10.324
10.336
10.325
10.309
10.253
10.327
10.322
10.22
10.329
10.302
10.304
10.213
10.272
10.313
10.237
10.311
10.314
10.307
10.278
10.332
10.228
10.331
10.333
10.228
10.331
10.281
0.103
10.343
10.267
10.352
10.283
10.243
10.272
10.237
10.525
10.4
10.308
10.249
10.364
10.276
10.303
10.203
10.338
10.319
10.295
10.316
10.282
10.336
10.219
10.273
10.341
10.319
10.342
10.271
10.297
10.239
10.308
10.212
10.35
10.288
10.327
10.305
0.116
10.269
10.316
10.259
10.322
10.336
10.357
10.28
10.36
10.303
10.25
10.358
10.314
10.323
10.357
10.28
10.319
10.353
10.175
10.29
10.319
10.329
10.321
10.29
10.32
10.224
10.265
10.331
10.237
10.224
10.32
0.109
10.304
10.322
10.285
10.207
10.358
10.266
10.329
10.254
10.251
10.309
10.3
10.324
10.312
10.315
10.239
10.295
10.338
10.154
10.093
10.098
10.091
10.078
10.082
10.082
10.077
10.075
10.088
10.081
10.074
10.078
10.083
10.091
10.079
10.076
10.069
10.084
10.079
10.074
10.088
10.084
10.394
10.364
10.343
10.32
10.289
10.225
10.286
10.305
10.32
10.303
0.114
10.302
10.315
10.308
10.291
10.31
10.308
10.309
10.286
10.353
10.243
10.333
10.29
10.349
10.283
10.158
10.113
10.241
10.328
10.313
10.335
10.3
10.275
10.31
10.217
10.236
10.353
10.246
10.299
10.261
10.255
10.302
10.277
0.114
10.313
10.301
10.288
10.276
10.292
10.311
10.206
10.34
10.286
10.308
10.262
10.336
10.26
10.325
10.302
10.241
10.322
10.337
10.32
10.331
10.334
10.33
10.33
10.311
10.323
10.206
10.319
10.295
10.298
10.28
0.108
10.277
10.316
10.131
10.296
10.252
10.224
10.362
10.29
10.296
10.286
10.348
10.259
10.312
10.227
10.326
10.302
10.274
10.295
10.299
10.249
10.191
10.312
10.31
10.325
10.404
10.437
10.519
10.255
10.294
10.286
10.218
10.261
10.304
10.298
10.287
10.305
0.098
10.296
10.241
10.147
10.092
10.101
10.11
10.11
10.083
10.238
10.329
10.284
10.179
10.306
10.322
10.279
10.31
10.343
10.306
10.284
10.322
10.227
10.306
10.292
10.282
10.303
10.311
10.307
10.331
10.309
10.236
10.315
10.36
10.321
10.194
10.319
10.295
0.115
10.298
10.304
10.273
10.3
10.232
10.29
10.341
10.316
10.299
10.317
10.313
10.323
10.262
10.259
10.305
10.329
10.339
10.309
10.299
10.259
10.331
10.255
10.358
10.305
10.227
10.323
10.271
10.177
10.166
10.106
10.097
10.083
10.085
10.086
10.084
0.036
10.073
10.108
10.087
10.145
10.077
10.086
10.087
10.08
10.072
10.085
10.14
10.101
10.084
10.085
10.114
10.152
10.093
10.279
10.342
10.324
10.291
10.271
10.254
10.32
10.272
10.32
10.296
10.301
10.309
10.33
10.232
10.29
10.333
10.259
10.325
10.278
10.337
10.284
10.337
10.314
10.187
10.103
10.16
10.3
10.285
0.118
10.282
10.286
10.312
10.289
10.352
10.275
10.304
10.301
10.31
10.323
10.282
10.245
10.327
10.332
10.318
10.297
10.276
10.31
10.323
10.297
10.309
10.327
10.31
10.297
10.314
10.318
10.187
10.299
10.334
10.276
10.285
10.324
10.303
0.12
10.277
10.203
10.164
10.295
10.333
10.286
10.323
10.354
10.314
10.248
10.252
10.303
10.181
10.265
10.359
10.271
10.325
10.351
10.23
10.328
10.253
10.326
10.383
10.253
10.338
10.349
10.299
10.191
10.211
10.31
10.221
0.125
10.31
10.281
10.388
10.509
10.38
10.308
10.31
10.229
10.262
10.357
10.311
10.355
10.315
10.314
10.286
10.337
10.308
10.321
10.334
10.303
10.285
10.23
10.329
10.324
10.308
10.329
10.304
10.355
10.206 
10.339
10.323
10.305
10.194
0.062
10.288
10.35
10.315
10.24
10.21
10.326
10.243
10.311
10.238
10.379
10.284
10.31
10.256
10.313
10.27
10.292
10.312
10.302
10.303
10.288
10.338
10.317
10.306
10.355
10.321
10.28
10.228
10.301
10.304
10.317
10.304
0.128
10.244
10.221
10.328
10.285
10.315
10.118
10.098
10.096
10.092
10.094
10.096
10.094
10.235
10.302
10.146
10.089
10.112
10.107
10.095
10.088
10.096
10.087
10.079
10.098
10.092
10.093
10.082
10.094
10.086
10.09
10.085
10.088
10.101
10.093
10.084
10.089
10.086
10.161
10.135
10.136
10.128
10.126
10.098
10.101
10.121
10.122
10.111
10.087
10.107
10.117
10.215
10.321
10.232
10.185
10.204
10.541
10.302
10.236
10.253
0.106
10.325
10.33
10.219
10.134
10.09
10.268
10.31
10.284
10.218
10.323
10.302
10.282
10.364
10.306
10.337
10.327
10.357
10.308
10.333
10.321
10.357
10.26
10.29
10.287
10.309
10.275
10.303
10.329
10.315
10.281
10.241
10.295
10.248
10.343
10.287
0.117
10.338
10.304
10.341
10.332
10.302
10.287
10.321
10.229
10.358
10.291
10.314
10.316
10.312
10.267
10.3
10.329
10.275
10.332
10.268
10.304
10.306
10.149
10.223
10.327
10.359
10.304
10.232
10.218
10.246
10.303
10.3
10.323
10.352
0.126
10.315
10.298
10.262
10.309
10.283
10.299
10.473
10.519
10.333
10.29
10.368
10.269
10.318
10.307
10.325
10.354
10.317
10.333
10.335
10.347
10.31
10.309
10.248
10.325
10.223
10.32
10.318
10.268
10.292
0.113
10.28
10.306
10.354
10.29
10.314
10.297
10.317
10.355
10.314
10.339
10.269
10.216
10.325
10.236
10.322
10.335
10.314
10.343
10.309
10.353
10.298
10.323
10.307
10.349
10.293
10.302
10.211
10.226
10.309
10.351
10.204
10.256
0.129
10.291
10.349
10.286
10.277
10.324
10.274
10.303
10.282
10.338
10.324
10.298
10.339
10.303
10.339
10.322
10.298
10.331
10.314
10.253
10.301
10.312
10.168
10.103
10.093
10.089
10.077
10.093
10.085
10.079
10.085
10.079
10.092
10.086
10.063
10.092
10.082
10.076
10.084
10.089
10.078
10.069
10.082
10.084
10.048
10.156
10.269
10.241
10.225
10.319
0.116
10.289
10.281
10.355
10.301
10.319
10.24
10.314
10.321
10.296
10.326
10.308
10.346
10.32
10.308
10.346
10.31
10.335
10.274
10.335
10.161
10.105
10.233
10.322
10.332
10.264
10.327
10.168
10.232
10.326
10.327
10.25
10.298
10.251
10.357
0.119
10.278
10.249
10.272
10.31
10.325
10.302
10.222
10.325
10.292
10.218
10.302
10.325
10.325
10.299
10.319
10.256
10.322
10.307
10.244
10.344
10.313
10.328
10.239
10.215
10.338
6.694
10.209
5.855
10.153
16.461
7.223
10.274
6.372
10.297
16.134
10.362
10.244
10.092
10.252
10.216
5.179
10.3
10.333
10.296
12.429
6.351
10.268
10.366
10.22
11.791
6.713
10.19
10.311
10.117
12.608
10.236
10.282
10.176
8.373
10.364
6.514
10.312
16.372
6.205
10.257
6.9
10.27
16.25
7.16
10.343
10.322
10.336
10.215
8.675
10.342
10.274
10.288
10.296
8.907
10.382
5.325
10.284
10.36
10.294
12.377
10.328
10.181
10.229
10.351
10.326
10.342
10.272
10.213
10.316
10.324
10.259
10.303
10.196
5.706
10.235
6.474
10.272
16.346
10.24
10.235
2.254
10.247
10.297
10.361
12.741
5.58
10.244
16.814
6.711
10.28
6.179
10.338
16.307
10.288
10.165
10.226
10.338
10.304
10.334
10.282
10.268
10.23
10.263
0.116
10.208
10.238
10.235
10.356
10.29
10.304
10.298
10.145
