46.357
51.154
51.423
51.153
42.878
48.533
53.473
50.39
50.352
50.497
50.342
50.545
50.565
50.399
50.719
51.261
41.147
51.453
51.311
51.433
51.295
51.458
51.318
41.042
51.215
50.929
51.425
51.441
51.175
51.555
51.273
51.38
41.277
51.463
51.351
51.3
51.184
51.254
51.477
41.19
51.436
51.401
51.364
51.066
50.847
50.377
50.392
50.38
50.388
43.285
51.419
51.092
51.29
51.337
50.863
51.218
41.169
51.309
51.415
51.281
51.191
51.376
51.406
51.378
41.049
51.307
51.264
51.194
51.345
51.565
51.425
41.157
51.196
51.388
51.516
51.372
51.032
51.163
51.338
41.215
51.396
51.475
51.091
51.218
51.052
50.451
50.344
50.363
50.37
50.852
51.205
41.268
51.471
51.377
51.004
51.411
51.361
51.315
41.181
51.35
51.354
51.35
51.205
51.375
51.209
51.313
41.214
51.343
51.482
51.629
51.364
51.275
51.206
41.242
51.327
51.292
51.423
51.357
51.381
51.063
41.166
51.368
51.37
51.273
51.143
50.367
50.441
50.368
50.372
50.762
50.997
41.222
51.388
51.469
50.969
51.391
51.239
51.239
51.335
51.336
41.231
51.322
51.454
51.301
51.185
51.235
51.098
51.129
41.272
51.645
51.43
51.318
51.335
51.278
51.252
41.014
51.433
51.354
51.31
51.245
51.22
51.33
40.848
51.33
51.289
50.392
50.36
50.341
50.353
51.188
51.341
51.291
51.346
41.166
50.833
51.391
51.106
51.272
51.349
51.289
51.395
41.199
51.4
51.369
51.394
51.313
51.405
51.292
51.318
41.569
51.415
51.166
51.015
51.356
51.447
51.246
51.308
41.241
51.246
51.302
51.232
51.418
51.361
51.378
41.065
50.399
50.363
50.357
50.351
51.047
51.437
51.201
51.232
51.26
50.787
40.977
51.006
51.175
51.398
51.374
51.015
51.299
51.444
41.141
51.383
51.415
51.384
51.275
51.158
51.751
51.314
40.944
51.248
51.327
51.409
51.196
51.345
51.335
51.34
41.177
51.17
51.291
51.42
51.368
51.025
50.391
50.357
50.413
50.37
51.011
41.219
51.299
51.258
51.023
50.898
51.324
51.361
41.173
51.333
51.313
51.3
51.247
51.273
51.296
51.029
50.399
40.894
51.179
51.409
51.921
51.203
50.977
50.892
51.352
41.198
51.401
51.274
51.387
51.332
51.321
51.261
51.381
41.24
51.421
51.323
50.399
50.367
50.356
50.326
51.227
51.229
51.198
40.848
60.431
40.346
50.386
50.413
50.752
51.353
51.223
51.354
51.291
51.458
41.115
51.144
51.228
51.363
51.396
51.17
51.666
51.267
41.116
51.403
51.284
51.413
51.365
51.361
51.361
51.304
41.196
51.389
51.295
51.026
50.978
51.057
50.398
50.374
50.368
50.39
50.775
40.922
51.355
51.39
51.293
50.97
51.217
51.103
51.496
41.164
51.364
51.298
51.423
51.378
51.36
51.16
51.219
41.012
51.251
51.437
51.653
51.21
51.36
51.318
51.383
41.248
51.21
51.225
50.968
51.184
51.281
51.299
51.059
41.189
51.382
51.224
50.386
50.345
50.344
50.36
51.058
51.146
51.405
51.243
41.249
50.874
50.406
51.353
51.349
51.42
51.359
51.239
51.319
41.205
51.378
51.186
51.132
51.411
51.284
51.251
41.75
51.383
51.336
51.216
51.332
51.393
51.243
41.212
51.346
51.44
51.371
51.075
51.311
51.348
51.319
40.788
50.374
50.372
50.374
50.357
50.48
51.215
51.302
51.298
51.354
50.762
51.303
41.229
51.34
51.417
51.253
51.189
51.341
51.283
51.428
40.743
50.9
51.42
51.366
51.252
51.951
51.314
41.208
51.354
51.462
51.225
51.228
51.228
51.394
41.117
51.257
51.364
51.353
51.355
51.217
51.011
50.449
50.467
50.378
50.354
40.439
60.398
40.588
51.415
51.353
50.955
51.296
51.383
51.336
41.161
51.378
51.431
51.283
50.908
51.252
51.177
51.427
51.265
41.258
51.371
51.69
51.262
51.43
51.28
51.362
41.081
51.408
51.401
51.22
50.924
51.369
51.344
51.477
41.239
51.256
51.266
50.366
50.37
50.367
50.407
50.834
51.02
51.402
51.411
41.151
51.056
51.476
51.28
51.266
51.234
51.319
51.225
41.213
51.417
51.387
51.134
51.338
51.211
51.227
41.187
51.741
51.447
51.333
51.267
51.416
51.364
41.247
51.478
51.15
51.409
51.124
51.327
51.207
51.275
41.277
51.024
50.364
50.359
50.337
50.36
51.229
51.254
51.45
51.437
50.885
50.839
41.25
51.23
51.437
51.245
51.37
51.294
51.456
51.421
41.07
51.362
51.172
51.404
51.394
51.187
51.56
41.223
51.435
51.236
51.303
51.384
51.215
46.261
50.315
48.759
50.551
49.743
50.295
49.028
50.082
49.179
49.406
49.99
53.302
53.218
50.678
41.093
51.168
49.788
57.205
50.632
51.389
41.093
50.66
50.369
56.911
49.667
49.883
50.354
49.78
49.472
50.638
40.939
58.849
49.801 
49.567
43.915
51.386
51.35
51.303
51.472
43.559
51.364
51.101
51.399
51.398
51.274
51.322
51.39
41.165
51.177
50.383
50.338
50.33
50.357
51.174
51.286
51.276
