97.869
102.391
93.83
104.157
102.453
92.453
101.278
100.701
101.376
102.65
102.644
91.85
102.751
102.597
102.659
92.489
102.371
102.63
102.966
92.397
102.823
102.443
92.415
102.719
102.639
102.582
101.094
100.702
91.401
102.61
102.613
102.332
92.359
102.679
102.535
102.539
92.225
102.696
102.752
102.604
92.436
102.647
102.371
102.56
92.477
102.723
101.293
100.629
101.673
92.556
102.723
102.361
102.548
92.474
102.481
102.476
102.427
92.508
103.237
102.565
102.656
92.442
102.392
102.664
102.626
92.576
101.463
100.654
101.286
102.566
102.652
91.881
102.837
102.536
92.546
102.77
102.662
102.46
92.853
102.894
102.678
102.832
92.386
102.775
102.361
92.506
101.351
100.725
101.387
102.54
102.708
101.915
92.487
102.727
102.528
102.613
92.302
102.614
102.65
92.211
102.674
102.528
102.613
92.562
102.509
102.414
101.219
100.691
101.406
92.58
102.74
102.037
101.276
102.566
92.57
102.64
102.22
92.557
103.196
102.587
101.973
92.473
102.518
102.74
102.703
92.529
101.334
100.713
101.207
102.599
102.544
92.115
102.317
102.64
102.543
92.49
102.641
102.684
92.957
102.78
102.698
102.531
92.406
102.711
102.703
102.333
101.188
100.665
90.831
102.123
102.672
102.131
92.458
102.622
102.601
102.557
92.422
102.798
102.836
102.676
92.432
102.596
102.427
102.404
92.452
102.813
101.361
100.726
101.031
102.639
92.27
102.355
102.54
102.671
92.318
102.449
102.473
102.68
93.147
102.638
102.47
92.45
99.631
99.903
105.194
100.383
98.567
99.315
99.606
100.398
99.624
102.053
102.422
92.316
102.659
102.59
102.478
102.373
92.918
102.56
102.719
92.42
102.519
102.525
102.514
92.376
101.263
100.713
100.839
101.994
102.45
102.215
92.238
102.571
102.481
92.599
102.658
102.605
103.093
92.5
102.674
102.516
102.684
92.584
102.699
102.416
101.241
100.703
91.64
102.626
102.393
102.172
102.561
92.254
102.598
102.639
92.221
102.67
102.959
102.511
92.388
102.762
102.619
102.048
102.236
92.325
101.341
100.714
101.311
102.59
92.213
101.543
102.529
102.617
102.632
92.478
102.712
102.415
92.656
102.336
102.467
102.622
92.389
102.719
102.33
102.758
91.169
100.652
101.456
102.642
102.472
102.09
92.301
101.993
102.486
102.397
102.623
92.588
102.845
102.597
92.447
102.491
102.69
