1001.74
1003.81
997.112
1001.97
998.333
995.634
1009.05
993.047
998.786
1003.2
1000.35
994.922
999.886
1003.32
998.822
1003.06
997.901
1001.94
997.311
1007.66
1000.24
995.145
1000.35
994.426
1009.2
994.611
1000.86
994.711
1009.7
994.936
1000.5
1005.84
990.583
1005.7
1000.68
994.354
1000.81
1004.2
998.394
995.304
1000.95
1005.49
1001.03
997.321
999.665
995.507
1000.25
1006.03
1000.04
995.277
1000.06
1006
1000.64
995.161
1000.32
995.778
1009.28
995.769
998.463
996.684
1000.52
1003.27
1000.95
995.087
1000.11
1005.22
1000.08
995.253
1000.97
1004.71
1001.32
995.207
1001.13
1004.6
999.215
995.007
999.626
1003.77
998.587
995.549
1008.61
995.955
1000.68
995.201
1000.52
1005.34
1000.51
994.557
1000.65
1004.34
999.931
995.296
1000.48
995.925
1000.88
1005.24
1000.62
994.388
1007.6
995.349
1000.57
1004.56
999.627
994.028
1000.86
1004.78
1000.51
995.574
1000.72
994.713
1001.31
1004.86
1000.81
995.041
1001.21
1003.1
1000.52
994.91
1008.1
995.812
998.482
1005.13
990.964
1005.41
999.738
995.455
1000.3
1005.26
1001.11
994.952
1000.28
1004.97
999.316
994.845
1000.39
1004.18
998.778
994.971
1009.17
994.053
1000.63
1004.87
998.195
995.303
1000.34
1005.56
1000.48
995.28
1000.96
995.399
1000.69
1004.83
1000.75
995.104
998.6
1003.92
1001.34
994.923
1000.09
1003.65
999.805
1005.7
998.196
995.312
999.598
1004.6
1000.72
993.74
1000.37
1005.51
1000.76
992.446
998.915
