199.731
195.163
205.127
201.456
194.422
204.817
195.065
202.391
203.525
194.879
194.72
205.149
204.826
195.279
204.984
195.146
194.801
202.489
203.693
204.367
195.488
194.974
205.164
195.373
205.143
195.1
205.073
202.26
193.497
204.497
194.502
204.321
195.005
205.353
195.177
203.475
205.116
192.418
203.346
194.722
204.519
205.062
195.095
195.24
204.921
195.389
205.124
202.499
191.403
204.529
205.334
194.914
205.164
195.24
194.999
205.203
205.041
192.231
202.916
194.616
205.173
194.947
204.401
205.484
195.143
195.204
205.035
202.141
193.886
204.568
194.742
205.293
194.936
205.634
194.89
204.936
195.112
202.466
203.645
194.64
205.146
195.034
204.909
195.2
205.018
195.036
204.642
192.246
204.166
204.858
194.518
205.188
194.867
204.5
194.926
205.139
195.201
202.347
203.639
194.674
205.174
194.682
204.909
195.583
204.866
195.161
195.049
202.489
203.583
194.684
205.079
195.157
204.957
204.011
194.826
205.398
194.998
202.115
193.798
204.771
194.938
204.9
194.848
205.342
195.062
205.09
195.145
202.477
203.357
194.954
205.171
194.895
204.431
195.494
205.013
195.054
204.837
202.224
193.502
204.581
194.135
201.565
199.066
200.676
197.569
201.623
205.279
201.616
192.801
204.843
