20
10
10
20
10
20
10
10
10
20
10
20
10
10
20
10
10
10
20
20
10
10
10
20
10
20
10
10
20
10
20
20
0
20
10
20
10
10
20
10
20
10
10
20
10
20
10
20
0
20
20
10
20
0
20
20
10
20
0
20
20
10
20
0
20
10
20
20
10
10
10
20
20
10
10
10
20
10
20
20
0
20
10
20
0
20
20
10
20
10
10
20
10
20
10
10
10
20
20
10
10
10
20
10
20
10
10
20
10
20
0
20
20
10
20
10
10
20
10
20
0
20
10
20
20
10
10
10
20
20
10
20
0
20
10
20
10
10
20
10
20
10
10
20
10
20
10
10
10
20
20
10
10
10
20
20
10
20
0
20
10
20
10
10
20
10
20
20
0
20
10
20
20
